Current block= 0,0 -->Match Position= 0,0

Minimal Error=6535
0	4	0	1	1	10	1	1	-8	2	4	2	1	-4	-1	-1	
1	-1	-2	-1	5	4	0	3	-5	2	0	-1	-1	-4	-1	-1	
0	0	-2	0	-2	0	-3	6	0	1	1	3	-3	1	0	0	
3	2	-3	0	-1	1	2	0	1	-2	0	2	-1	1	2	-1	
1	-1	-2	3	-1	1	-2	-2	2	2	0	-3	-1	1	0	-1	
1	-3	-2	-2	-2	1	1	3	1	-5	1	0	0	-1	1	-1	
0	1	1	3	0	-4	-2	1	1	1	1	0	2	-1	-11	-14	
-2	2	-3	1	2	-3	-1	2	0	0	-2	-1	-8	-13	-7	0	
1	0	-2	1	2	2	1	2	-2	-1	-8	-14	-7	3	2	1	
1	0	-1	0	1	-1	0	2	-2	-10	-8	-2	1	-2	-4	-3	
1	0	-1	-2	0	2	-4	-15	-12	-1	4	0	-4	-7	-5	2	
-2	2	0	-1	-7	-11	-7	3	2	0	1	1	-1	-1	12	14	
0	1	-11	-17	-9	-1	-2	0	-1	-3	-8	0	13	23	12	4	
-2	-4	-8	-3	1	5	-2	-6	-4	-2	9	16	12	-2	-4	-1	
-1	0	1	1	-5	-6	-1	-1	11	19	12	-1	-1	1	2	0	
0	1	-5	-5	-6	-5	10	23	10	1	-4	1	0	1	0	1	
Number of Zeroes=41
-------------------------------------------

Current block= 16,0 -->Match Position= 16,0

Minimal Error=8184
-1	0	1	0	1	3	1	1	3	-11	-18	-5	2	0	0	-2	
1	0	1	-2	-1	1	0	-2	-9	-12	-3	-3	0	-1	-7	-9	
1	1	-1	0	1	1	-10	-14	-5	4	3	-1	-5	-4	-4	7	
0	0	2	-2	-10	-12	-3	3	2	-1	-6	-9	-4	5	14	12	
0	-3	-10	-12	-3	3	3	-1	-3	-7	-4	4	26	19	2	-3	
-6	-14	-6	-1	3	-4	-7	-9	-6	9	21	17	1	-4	-1	-1	
-6	1	1	-2	-5	-3	-6	4	19	15	1	-2	4	-1	-4	0	
1	-1	-4	-2	-3	6	16	15	5	1	-1	0	1	4	-1	5	
-2	-4	-2	1	11	17	7	-3	-1	0	1	0	1	0	0	1	
-4	-2	13	19	10	0	-2	0	3	0	-2	0	-1	-1	1	0	
14	18	5	1	-2	0	1	0	2	5	0	0	-1	1	0	-1	
7	8	-5	1	3	1	2	0	0	0	1	0	2	1	1	0	
-4	2	1	1	0	1	0	0	1	1	0	1	0	0	2	1	
2	1	2	1	0	0	0	1	-1	1	-1	0	1	-2	-1	-1	
0	1	1	1	0	2	1	3	2	0	1	0	1	-1	0	0	
-1	2	0	-1	0	0	0	-1	0	1	-1	-1	-1	2	2	1	
Number of Zeroes=53
-------------------------------------------

Current block= 32,0 -->Match Position= 32,0

Minimal Error=4558
-5	-3	2	17	22	2	-4	3	-2	1	-1	-1	-2	-2	2	3	
0	5	6	10	0	-1	-2	2	1	-1	-1	1	1	-8	2	2	
19	22	2	-2	0	1	1	-18	3	-1	-5	0	10	3	0	1	
1	0	1	1	1	0	15	4	-3	4	2	1	-1	1	-1	1	
-1	1	-1	0	1	2	-1	1	0	-1	-1	0	1	0	0	-7	
0	1	1	0	-3	-2	-2	-2	0	2	-1	-2	-1	0	8	0	
-8	-2	1	1	1	0	-1	1	-1	1	0	2	-2	0	0	1	
0	-2	1	0	-1	-1	0	1	0	-1	-1	0	-1	2	0	2	
2	-2	-7	0	4	-1	1	0	-1	0	0	1	0	-1	1	0	
0	5	1	-2	-4	0	-1	0	-1	-2	0	0	0	-1	0	-1	
-2	-1	-1	3	-1	-1	1	-1	2	0	-1	0	1	0	-1	0	
0	1	0	0	2	0	0	1	0	4	-1	-1	-2	-3	-1	-1	
-1	-1	-1	-1	0	0	1	-2	-2	0	0	0	0	-1	-1	-5	
-2	1	-2	-1	0	0	2	0	2	0	0	2	0	-6	-13	-11	
-1	0	1	-1	0	-1	-1	0	1	3	0	-7	-12	-10	2	2	
-2	1	0	-1	0	2	1	0	-3	-12	-17	-14	4	4	2	2	
Number of Zeroes=69
-------------------------------------------

Current block= 48,0 -->Match Position= 48,0

Minimal Error=8032
1	0	0	-3	-14	2	-1	-1	-2	0	1	1	0	0	2	-1	
2	-1	-1	6	-5	0	-1	0	0	0	-2	1	0	0	0	0	
0	2	1	1	1	0	0	1	0	1	2	0	-1	-1	2	2	
0	1	0	-1	0	0	-1	0	-1	0	-1	0	2	0	0	-2	
-1	0	1	-1	0	0	0	1	0	0	0	-1	0	0	0	0	
-3	-1	0	-1	3	1	-1	0	-1	0	0	0	-1	0	-23	-23	
-1	-1	-1	0	0	2	-1	0	-1	-2	1	-1	-11	-4	4	2	
-1	0	1	1	2	1	0	0	2	1	-10	-6	-3	-1	1	5	
2	-2	-4	-2	0	2	2	-3	-13	-14	-8	-9	-2	-2	1	0	
2	2	0	1	1	-4	-14	-16	-6	1	4	2	1	0	0	-3	
0	0	-5	-5	-13	-11	-4	-2	4	2	2	-1	-3	-7	-2	-3	
-1	-2	-9	-12	1	3	3	5	2	-1	-4	-6	-7	-8	-5	-2	
-16	-23	-4	4	3	5	2	-4	-4	-5	-6	-3	-1	3	7	19	
4	2	-1	3	1	-4	-7	-5	1	-2	-2	4	11	21	13	1	
3	2	0	-7	-12	-2	3	2	-4	5	17	21	13	1	1	5	
-1	-6	-6	2	0	-5	-3	11	23	-2	1	-2	-1	-2	-3	4	
Number of Zeroes=59
-------------------------------------------

Current block= 64,0 -->Match Position= 64,0

Minimal Error=18120
3	4	-5	3	0	-4	0	1	-12	-23	-13	-13	-14	2	5	4	
-2	5	-1	-1	2	-2	-4	-15	-9	-2	3	7	2	3	-3	2	
-1	0	-1	2	-5	-15	-17	-9	2	4	2	2	6	5	2	0	
0	0	-2	-13	-16	-4	9	4	3	4	-6	-14	-3	-7	-1	-2	
-8	-21	-20	0	6	3	2	0	1	5	9	-8	1	-1	-1	0	
-2	9	5	-1	0	5	-2	-3	-2	-5	3	-1	-3	-6	5	7	
-4	2	5	1	-6	-7	0	-9	2	-3	-3	-1	7	16	12	10	
5	2	-7	0	-4	-3	0	1	-4	5	17	22	6	4	6	-9	
-2	-1	-1	-1	4	-3	-2	7	13	12	0	-1	0	2	11	-12	
-2	-1	-6	-5	1	12	13	10	6	0	0	0	0	4	4	-15	
-2	2	5	12	16	10	9	-2	0	2	0	-10	-1	2	-34	-39	
4	12	20	7	5	-4	-1	-1	0	0	9	-5	-11	-21	-37	-15	
14	4	-1	-1	0	1	0	-1	0	-1	-4	-13	-19	-11	-1	0	
-5	0	2	1	1	0	0	1	-7	-20	-14	-10	-3	0	1	-1	
1	0	0	-1	-1	1	-1	-3	-29	-20	-7	-1	1	1	1	1	
-1	1	1	1	0	-1	-7	-14	-22	-5	0	-1	-1	-1	-1	0	
Number of Zeroes=36
-------------------------------------------

Current block= 80,0 -->Match Position= 79,0

Minimal Error=35893
-5	5	10	5	-1	-1	0	0	-5	1	3	0	3	6	-3	3	
-4	-1	0	7	7	5	0	-19	-15	11	0	-1	-7	1	0	3	
-5	-3	-2	-4	5	16	3	-24	-9	24	-2	2	0	2	-2	3	
-8	1	-4	2	-4	-4	18	-1	8	10	12	3	3	-4	0	8	
-2	-1	-2	-12	-2	-8	8	4	4	2	0	2	-4	-2	1	1	
5	-6	9	3	-2	0	10	-5	13	23	10	3	0	-1	-3	3	
24	-19	1	-2	-8	1	9	-25	-39	-39	-31	-15	-10	-16	-28	-6	
10	-6	-14	-3	-4	-25	-62	-70	-49	-32	-20	-5	-4	-7	-8	-8	
12	5	-2	-27	-64	-57	-24	-3	2	2	0	0	-1	0	1	-1	
8	-11	-16	-11	-6	1	3	1	0	-1	-1	-1	1	-1	-1	0	
-17	-12	-1	1	1	1	1	0	0	0	0	-1	-1	-1	0	0	
-2	0	-1	0	0	0	0	0	-1	1	0	-2	-1	0	0	0	
-1	-1	1	0	-1	0	-1	-1	-1	0	1	0	1	1	0	-1	
-1	0	0	0	-1	-1	-1	0	0	0	1	-1	-1	0	0	0	
1	2	-1	0	0	1	0	1	1	1	-1	0	0	1	0	-1	
0	1	0	-1	-2	0	0	1	1	1	-1	0	1	0	0	1	
Number of Zeroes=60
-------------------------------------------

Current block= 96,0 -->Match Position= 95,0

Minimal Error=5257
-18	-18	4	1	-2	0	-1	-1	0	1	0	-3	3	-42	-9	9	
-5	-5	24	2	-2	-2	0	-1	1	-1	1	1	1	-2	-21	-4	
2	-2	-3	1	1	-1	0	0	0	-1	1	3	-1	1	-1	-26	
1	-2	1	-1	1	-2	-1	2	-1	-1	2	0	-1	-1	2	3	
1	-1	1	-2	-2	0	2	0	-2	-1	2	0	-1	0	0	3	
-3	2	0	3	0	0	1	-5	-4	-4	2	0	1	-1	2	0	
-8	1	0	1	-2	-3	1	1	-2	1	0	1	2	-1	-1	-1	
-7	-9	-7	-5	1	1	-1	0	1	-3	-2	1	0	-2	0	1	
1	1	-1	-4	-5	-3	-3	0	-1	-1	-2	0	1	-2	-1	1	
1	1	0	0	0	-2	-3	-4	0	1	-5	3	3	0	1	-1	
0	-1	0	1	0	0	-1	-2	0	2	-2	4	-1	-1	0	0	
0	-1	-1	0	0	0	0	0	1	1	2	-2	-1	-2	-3	1	
-1	0	-1	-1	0	-1	1	1	0	3	3	-1	2	-3	-2	-1	
-1	0	-1	-2	-1	0	1	1	0	1	3	3	0	-4	0	-3	
-1	-1	0	0	0	0	2	1	1	0	1	3	0	-1	-1	-2	
-1	-1	-1	0	-1	-1	0	-1	1	0	0	2	2	2	0	-1	
Number of Zeroes=62
-------------------------------------------

Current block= 112,0 -->Match Position= 118,6

Minimal Error=16764
6	6	-2	-22	-13	2	5	11	9	10	1	4	0	-10	-2	-9	
-2	12	7	13	1	-1	3	8	6	8	7	5	2	7	7	-13	
-1	0	8	9	3	9	4	1	-3	8	6	-2	-5	1	8	-9	
-4	-19	-9	1	9	7	6	7	4	-1	1	-1	-6	-6	1	-12	
-5	-13	0	-7	7	7	6	2	12	2	-2	-3	1	-8	1	-16	
-3	-2	11	2	-4	6	5	0	2	14	12	-5	-10	-13	-5	-10	
-2	-3	-10	-7	-25	-2	-2	0	-7	-11	7	-2	-8	-11	-4	-3	
0	-1	-8	-12	-19	-1	-5	-8	-10	-14	-13	0	-6	-13	7	-2	
-1	7	-3	-1	5	3	2	-2	-1	0	-7	-18	-13	-13	1	-1	
2	4	-1	0	0	2	8	28	10	-5	-10	-8	-12	-15	-11	-3	
2	2	-1	3	-4	-1	-2	3	4	-7	0	-3	2	-2	-18	-14	
-1	-1	9	7	-4	5	-1	-4	-4	-7	3	-9	11	12	-3	-18	
1	11	-3	1	-3	36	22	-2	5	-5	0	5	0	9	8	12	
-1	3	-2	0	0	-1	9	-5	4	-2	-2	-10	-9	1	12	4	
-1	-3	-11	0	1	-5	-1	-5	-3	-3	-8	-4	-18	-22	-2	-5	
10	1	-6	-1	1	0	-4	-2	-3	0	-2	0	-2	-23	-10	0	
Number of Zeroes=20
-------------------------------------------

Current block= 128,0 -->Match Position= 128,1

Minimal Error=18999
3	0	-1	14	7	-5	-7	-3	13	2	-3	0	-3	-1	-2	-2	
1	0	-2	3	-8	-8	-13	-21	9	31	6	4	1	2	1	0	
-4	2	-1	-1	-3	-5	-5	-6	-15	7	28	5	3	1	0	2	
-4	2	1	2	-10	-12	-4	5	-10	-16	11	24	-1	-1	0	0	
-2	2	-3	2	-2	-9	-2	5	2	-13	-24	12	30	4	3	2	
-2	-6	0	4	3	-8	2	-3	-3	17	-8	-10	11	30	4	5	
-3	-2	-1	9	5	-3	1	2	8	-15	0	-12	-26	11	27	-2	
0	-4	-6	-3	-4	-3	-1	-3	3	2	0	2	-23	-14	11	27	
-6	-1	1	-1	-1	-9	0	3	-1	-5	-3	-6	3	-11	-22	14	
0	1	4	-1	-1	-8	1	5	3	-2	-3	2	1	4	-15	-18	
7	0	-6	-4	-3	-4	-2	-2	-1	6	5	2	-4	8	-1	-10	
6	-4	0	1	4	-1	1	0	0	0	-3	1	-6	-7	-4	5	
26	21	1	0	4	-4	-2	1	0	-4	-1	0	-1	0	-7	3	
-3	18	16	-1	2	-4	0	-1	1	4	1	0	-1	2	-6	1	
-2	-3	20	22	2	-2	-1	-1	0	-1	-1	-4	-4	-3	-4	-2	
11	4	7	24	26	-1	0	2	1	-1	-2	1	0	5	4	1	
Number of Zeroes=27
-------------------------------------------

Current block= 144,0 -->Match Position= 149,6

Minimal Error=16386
4	-5	-4	-1	-3	-12	2	-19	-18	2	-1	1	4	5	4	10	
-1	-10	-13	-3	-1	-8	-14	-2	-5	-2	-5	-1	4	5	4	7	
-2	-8	-10	-1	-6	-5	-9	0	-2	0	-2	-3	-1	2	2	6	
-3	-5	-14	-8	-11	-4	-6	4	-4	-3	4	3	-1	4	4	2	
0	1	-6	-8	-5	-8	-3	2	0	2	0	7	4	0	-3	6	
-4	-2	0	-3	-3	-10	-9	-7	3	8	11	-5	4	4	-4	4	
-6	-2	-1	-1	-2	-11	-9	-4	0	3	9	12	-1	3	-1	-1	
-5	-3	-2	-2	-1	-4	-2	1	4	1	1	14	2	-2	-4	-2	
17	-5	-1	-1	-3	-3	-2	4	4	4	6	7	0	-1	-3	-7	
-3	12	4	-1	-1	-2	-4	1	9	6	10	7	-1	3	5	0	
-13	13	20	3	2	-1	-4	0	8	4	6	7	5	-3	1	4	
7	-7	0	29	-2	2	2	5	8	7	8	9	10	4	-4	-4	
20	13	-11	16	13	1	-2	4	9	11	10	7	11	8	0	-2	
6	17	9	1	24	14	-1	1	5	6	8	6	6	5	2	3	
4	12	26	19	2	28	16	6	3	4	8	5	5	3	-1	4	
-4	10	27	33	-1	-3	31	12	0	3	3	4	4	2	-2	2	
Number of Zeroes=14
-------------------------------------------

Current block= 160,0 -->Match Position= 160,1

Minimal Error=32250
0	1	-9	-6	9	7	6	12	-40	1	-2	21	-11	-31	-5	18	
3	-1	-9	-25	3	22	9	-14	-24	1	-5	18	22	-16	-41	-29	
-1	0	4	-11	-21	6	20	0	-3	-2	-2	11	13	15	-5	-26	
-2	2	2	14	-4	-22	12	19	-2	-3	-2	11	10	9	1	-2	
3	3	2	-5	-9	-14	-13	-29	0	-4	-3	3	-1	0	11	-2	
3	2	1	-4	4	3	-28	-27	3	-5	-2	3	-5	-19	8	16	
0	0	0	-1	1	-3	2	-4	3	-3	-2	2	4	-22	-5	11	
0	-1	-1	-2	1	0	0	-1	6	-1	0	-2	6	-7	-14	-1	
10	0	4	1	-1	1	0	0	8	1	0	-4	7	22	28	-15	
23	4	-2	-1	3	-1	0	0	16	2	-2	-3	7	32	-15	-28	
2	22	5	2	2	1	2	-1	14	0	-3	-2	3	-18	-3	4	
-23	10	18	4	2	-1	2	0	2	6	-1	-1	3	-13	-19	20	
-7	-24	11	17	1	10	2	1	5	15	-6	-1	-1	2	-12	-23	
2	-9	-22	16	19	4	-2	-3	2	10	-10	-1	-2	-1	-1	-3	
-2	2	-11	-24	23	8	-5	0	3	8	-17	1	-1	-1	-5	-3	
-2	0	-1	-15	-17	20	7	2	6	2	-4	-2	-1	1	-5	8	
Number of Zeroes=22
-------------------------------------------

Current block= 0,16 -->Match Position= 0,16

Minimal Error=3989
-1	-5	-4	2	11	28	12	0	1	1	1	1	0	-1	-1	1	
-3	2	12	20	7	-5	-1	0	-3	0	1	1	0	-2	1	-1	
0	8	8	1	-1	2	0	2	-2	-1	0	0	0	-1	0	-2	
2	4	-1	-2	-1	0	-1	0	0	-1	-1	1	0	0	1	-3	
0	1	0	-2	-3	1	-1	1	0	-1	0	0	2	-3	0	1	
0	0	1	4	-1	0	1	0	-1	0	1	0	6	1	1	2	
0	-1	-2	1	2	-1	0	-1	0	0	1	0	0	0	-1	5	
-2	-2	-2	-1	-1	0	-1	1	1	1	-1	0	-1	1	0	0	
1	1	-2	4	-2	0	0	1	1	-1	0	0	0	-1	-1	-1	
0	0	0	0	0	0	-1	1	1	-1	0	-1	-1	0	1	-1	
-4	0	-1	0	1	1	-3	-1	0	0	1	-2	-1	0	-2	-1	
-3	0	-2	-3	0	-2	0	-1	-1	0	-1	-1	0	1	-1	-9	
-1	1	-2	0	1	2	1	-2	-1	0	1	1	-2	-8	-13	-1	
-1	0	-1	1	0	1	1	-1	-2	-1	-5	-16	-12	0	5	6	
-1	0	0	0	-2	2	-1	0	-6	-15	-7	-2	3	3	0	-3	
-1	0	0	1	1	0	-8	-16	-13	-1	3	3	0	-5	-8	-3	
Number of Zeroes=76
-------------------------------------------

Current block= 16,16 -->Match Position= 23,13

Minimal Error=5870
4	9	2	3	2	3	-2	0	-1	-7	-2	-1	-7	-2	1	3	
3	4	6	4	1	2	2	1	0	1	2	-2	-2	-2	-2	-2	
-1	1	6	3	1	0	3	1	3	2	-2	-1	-2	-3	-3	2	
2	3	8	3	4	3	-2	0	-2	0	-2	0	-2	-4	-4	-1	
2	5	3	-5	1	4	3	0	-1	0	-3	0	0	1	4	1	
-7	2	0	2	1	2	2	-2	-1	-3	-3	4	0	3	7	3	
-1	2	2	3	2	2	1	2	-2	-4	0	2	3	4	-4	0	
-2	2	3	2	6	4	-2	-5	-4	-16	3	13	10	8	0	-10	
1	1	3	-1	0	-4	-13	-11	-6	1	10	7	4	0	-8	0	
2	1	1	-5	-1	-8	-4	2	1	2	1	3	6	0	5	2	
4	7	11	2	0	-6	-4	3	6	8	10	11	7	-1	-1	7	
6	-1	0	-1	-1	-2	2	9	10	9	7	5	7	6	2	6	
-6	-3	4	7	7	-3	3	1	3	5	9	1	5	2	0	1	
1	7	6	0	-2	1	4	2	1	0	5	-2	3	1	2	-2	
3	4	-1	-4	-3	-4	4	-1	-5	22	4	-7	14	2	0	-1	
0	-2	-2	-10	-20	-12	-1	2	-3	9	3	3	2	-1	-1	0	
Number of Zeroes=27
-------------------------------------------

Current block= 32,16 -->Match Position= 28,18

Minimal Error=6598
2	0	-2	-3	0	0	4	-1	-1	-4	-6	-7	-1	0	2	5	
1	5	3	-3	-6	-5	4	7	4	-7	1	3	4	1	5	4	
4	4	-6	-6	-13	5	9	6	3	6	5	4	3	5	1	-1	
2	-4	-14	-5	-3	6	7	2	4	3	3	0	-3	0	6	1	
8	-3	-10	-9	-3	2	9	2	5	3	-1	-2	-3	-3	5	-1	
-3	-9	-3	3	8	5	2	7	7	3	-4	0	1	-7	0	0	
-8	-6	-1	1	-1	-2	3	4	-2	-4	1	2	8	-3	-2	-2	
-10	0	-6	-4	-3	0	-2	1	2	4	1	1	23	4	-6	-2	
-4	2	-4	-4	-6	-3	-3	5	-10	-7	2	1	0	-1	-1	0	
2	6	-1	-7	22	1	-1	15	-8	-7	2	3	-2	0	-1	0	
-1	-1	2	-6	9	2	7	0	0	1	-1	0	1	1	0	1	
-24	-7	2	-10	1	1	2	-3	-2	0	0	-2	0	2	-2	-4	
-2	-3	-8	1	2	0	1	1	2	3	1	-4	0	1	2	-1	
-5	1	1	0	1	0	2	1	0	3	3	2	1	3	8	-2	
-2	0	-1	0	0	0	1	15	7	0	0	0	4	0	2	0	
2	2	-3	1	0	0	5	24	0	-3	-1	3	3	0	0	0	
Number of Zeroes=42
-------------------------------------------

Current block= 48,16 -->Match Position= 48,16

Minimal Error=6722
-3	3	0	2	3	12	20	15	-3	-3	-3	1	1	2	-1	1	
-1	-1	1	13	16	7	-1	7	19	3	-1	0	1	2	-1	0	
7	17	15	8	0	-1	6	-1	-2	-8	1	0	-1	1	0	0	
17	6	-2	-2	1	0	1	3	11	-4	-5	1	2	1	-1	2	
-2	-1	0	0	1	-1	-1	0	-1	8	0	1	0	-1	-1	0	
0	-1	-3	-3	-1	1	0	2	0	0	0	1	0	0	1	0	
1	1	3	0	0	-1	0	0	1	-7	-3	-1	-2	-1	-1	-1	
1	1	-3	0	0	1	-1	0	1	11	0	1	0	0	-1	-8	
-1	0	-3	0	2	-1	-1	2	-10	-5	-7	2	0	-2	-3	-13	
7	-13	-10	1	1	-1	-2	9	0	2	-2	0	0	-1	-10	-15	
10	18	-3	0	1	0	0	4	5	0	0	0	0	-5	-15	-12	
-1	-1	0	0	1	-8	0	0	1	1	1	1	1	-11	-12	-6	
0	1	-1	0	3	3	0	0	1	1	-1	-1	-2	-7	-10	-3	
1	-1	0	-3	1	0	0	-1	-1	2	2	0	-6	-12	-11	-2	
0	1	3	0	1	0	1	1	-1	0	-2	-1	-7	-9	-5	-2	
0	0	-1	1	0	0	-3	1	1	1	1	-4	-14	-8	-4	-3	
Number of Zeroes=65
-------------------------------------------

Current block= 64,16 -->Match Position= 62,16

Minimal Error=549
2	-2	-3	-1	0	-11	-6	-2	-1	0	-1	0	0	-1	0	-1	
1	-1	-2	0	1	-3	-5	-1	1	0	0	0	-1	0	0	-1	
-2	-1	-9	0	2	-1	-1	0	2	0	0	0	0	1	-1	-1	
-4	-2	-3	2	2	0	0	1	1	-1	1	2	1	1	0	0	
0	-1	0	-3	-1	0	0	2	1	0	0	1	2	-1	0	0	
1	-3	-1	-1	0	1	2	1	0	0	-1	0	1	1	-2	-1	
1	-1	0	-1	1	0	0	1	-1	0	-1	-1	0	0	1	1	
1	-1	-1	0	0	0	-1	1	1	0	1	1	0	0	-1	1	
-2	0	0	-1	0	2	2	0	0	-1	1	0	0	-1	-1	1	
-2	0	1	0	2	2	0	0	0	0	0	-1	0	0	0	-1	
0	0	0	-1	1	1	0	1	1	1	0	1	0	-1	-1	-1	
2	1	0	2	1	0	1	0	0	0	-1	0	1	0	2	2	
0	1	2	1	1	0	-1	0	0	0	0	0	2	0	1	-1	
0	2	1	0	0	0	-1	0	1	0	0	1	-1	-1	-1	-1	
1	1	0	0	0	1	0	1	0	-1	-1	-1	1	0	0	1	
0	0	0	0	-1	1	-1	0	-1	0	0	0	2	1	1	0	
Number of Zeroes=106
-------------------------------------------

Current block= 80,16 -->Match Position= 83,15

Minimal Error=138
-1	0	0	0	1	0	-1	0	0	1	0	1	0	0	0	0	
-2	0	0	-1	0	0	0	0	1	0	0	0	0	-1	0	-1	
0	0	0	0	0	1	-1	0	0	0	0	0	0	0	0	0	
0	-1	0	1	1	0	1	-1	1	0	-1	1	0	0	1	0	
-2	0	0	-1	0	0	-1	0	0	-1	0	1	0	0	0	1	
0	0	0	1	-1	0	-1	1	0	0	1	1	0	1	1	0	
-1	0	-1	1	0	0	0	0	0	0	1	-1	1	1	0	0	
0	0	0	-1	0	1	0	1	0	0	-1	0	0	1	0	0	
1	-1	-1	0	1	1	0	1	1	0	1	1	0	0	0	-1	
0	0	0	-1	0	0	-1	0	1	1	0	0	-1	0	1	0	
-1	2	-1	-2	0	-1	-1	0	0	0	1	0	-1	0	0	0	
0	1	-1	0	0	-1	0	0	0	0	0	0	1	0	-1	0	
1	0	-1	1	2	1	0	1	0	0	-1	0	1	-1	0	0	
-1	0	0	-1	1	0	0	1	1	-1	1	0	1	1	1	-1	
2	0	0	-1	0	0	0	0	1	1	1	2	-1	1	0	0	
1	1	-1	-1	0	1	0	0	1	2	0	0	-1	1	0	-1	
Number of Zeroes=142
-------------------------------------------

Current block= 96,16 -->Match Position= 94,15

Minimal Error=208
0	-1	0	0	-1	-1	0	0	-1	0	0	-2	0	2	-1	0	
1	1	-1	0	-1	-1	1	0	-1	0	0	-1	0	2	0	-5	
1	0	0	-1	0	0	-1	0	0	1	1	0	-2	2	1	-4	
1	0	1	1	1	0	-1	1	0	2	0	0	0	1	1	-1	
0	-1	0	1	1	1	-1	0	0	1	-1	-1	1	-1	-1	0	
1	1	0	0	-1	-1	-2	1	-1	0	1	-1	-1	0	0	0	
0	1	1	0	-1	0	1	-1	0	0	1	-2	-1	1	0	-1	
0	0	1	-1	0	-1	0	0	1	1	1	1	-1	0	0	0	
0	0	0	0	0	0	0	2	0	1	1	1	0	0	0	0	
0	-1	1	1	-1	0	0	1	-1	0	0	-1	0	0	0	0	
1	0	0	0	0	1	0	0	0	0	-2	-1	-1	0	1	0	
-1	1	1	-1	-1	1	0	-1	0	-1	-1	-1	0	-1	0	0	
-1	0	-1	0	0	1	0	1	0	-2	0	1	0	-1	0	1	
-1	0	0	-1	0	-1	0	1	-1	0	-1	0	1	-1	0	0	
1	0	1	0	0	-1	0	0	-1	0	-1	-1	0	0	-1	-1	
0	-1	1	0	0	0	-1	0	0	0	1	-1	0	-1	-2	0	
Number of Zeroes=122
-------------------------------------------

Current block= 112,16 -->Match Position= 111,16

Minimal Error=7166
0	-2	-1	2	0	1	0	0	1	-8	3	1	2	4	-16	-21	
2	-1	-2	2	-3	-2	1	-4	-2	-2	13	-20	-3	3	1	-13	
-5	1	-2	3	-1	3	3	-13	12	0	-1	-14	-1	26	-7	6	
1	6	1	2	-2	0	-1	-1	6	0	0	1	2	11	-4	4	
0	4	1	4	-13	-1	4	-2	0	1	0	1	0	-1	1	4	
-1	5	4	1	-2	5	-4	2	3	1	-1	-1	3	-2	-1	3	
-1	2	4	4	-3	-2	0	0	1	2	-2	-1	4	-1	-4	4	
0	-2	2	5	-1	0	1	-1	1	-2	0	1	1	-5	-7	5	
1	0	2	3	1	-2	2	1	1	0	1	-1	-1	-4	-2	5	
1	0	-1	1	5	0	1	-1	-1	1	0	-1	-2	-1	-5	0	
1	0	0	1	4	1	-2	-2	1	1	0	-2	0	-3	-2	0	
0	2	2	0	2	0	0	-1	1	0	-5	2	-2	-2	3	-2	
1	1	2	1	3	7	1	-5	4	-2	-3	1	3	0	0	0	
0	3	2	1	2	5	7	-7	3	1	2	-1	0	1	1	0	
2	1	1	2	2	2	38	12	3	0	1	-1	2	-1	0	-1	
2	2	0	0	2	-1	23	21	15	3	0	0	2	-2	-2	0	
Number of Zeroes=46
-------------------------------------------

Current block= 128,16 -->Match Position= 124,13

Minimal Error=18637
-2	-8	-13	-15	1	17	2	1	12	5	-5	-8	-7	-14	-7	10	
8	8	-2	-10	-6	3	5	-2	6	5	-3	-9	-3	-3	-6	3	
5	4	7	-5	-13	-10	-3	0	0	-2	-26	-13	-1	0	-5	-3	
0	1	5	3	-2	2	-1	5	5	-5	-37	-20	-2	-1	-7	-2	
1	-1	-1	10	3	-3	4	-1	-3	1	-6	-7	-6	-3	-9	-6	
25	-5	0	0	8	5	5	0	1	5	-2	-16	-3	4	5	-8	
13	-2	5	-2	3	1	-3	0	-1	0	7	0	-4	5	37	-2	
1	1	7	-1	-3	1	-6	-5	-2	-1	9	7	8	3	-11	-16	
-1	2	3	2	2	6	1	-7	-2	-7	-6	5	0	12	5	-19	
-8	2	3	-1	2	4	-1	1	-8	-15	-3	2	-3	-12	4	-16	
-6	6	10	2	2	-2	-1	4	0	-9	-9	0	3	-9	-12	2	
-4	6	13	3	0	-2	-1	2	-2	-8	-16	-19	-8	-4	-5	-14	
-6	0	11	10	8	1	0	-2	-1	-18	-34	-10	-19	-3	2	-8	
-1	-2	6	7	8	3	-3	-4	0	1	-5	1	2	-24	-14	-4	
-1	2	2	4	2	-1	-3	0	1	-1	-3	0	4	-3	-26	-11	
-2	0	1	5	6	-1	-1	0	-1	-1	1	6	0	35	16	-19	
Number of Zeroes=22
-------------------------------------------

Current block= 144,16 -->Match Position= 144,17

Minimal Error=23701
3	-6	-6	6	6	-6	-8	8	29	1	3	3	4	1	-1	2	
-4	-2	-2	-3	0	7	-9	-6	16	14	0	-1	0	2	3	3	
-10	-10	-5	-1	4	-7	-3	-13	-9	31	23	2	0	-2	-3	-3	
-1	-2	-1	-2	3	0	-1	-6	-16	-19	31	25	1	4	2	1	
4	0	-2	0	3	-1	2	-3	6	-9	-21	25	20	-2	-2	-2	
6	3	0	-1	2	2	-13	-17	-3	5	-11	-21	24	23	2	1	
-5	-5	-1	1	-1	1	-9	0	3	-9	-10	-13	-24	28	30	-3	
-3	2	3	2	3	2	6	6	-6	-3	-3	-3	-20	-31	9	19	
3	-1	-5	2	1	-2	-2	-2	-4	-2	-7	-11	-9	-16	-18	18	
-2	-5	-2	-4	1	3	5	-3	3	1	-8	0	-1	3	-6	-12	
14	-3	5	0	-1	2	0	-3	0	2	-3	2	-2	-5	-4	-13	
25	19	1	1	4	4	1	-6	-1	2	-6	-3	-6	-3	0	-5	
-6	23	24	2	0	3	0	-2	1	-1	-4	6	-2	-3	1	-2	
-3	-10	23	32	6	2	2	4	1	3	-4	0	7	8	2	2	
10	1	-5	13	31	5	-2	-1	6	3	-4	-7	-3	-6	0	-1	
-13	10	-5	-2	11	24	3	4	8	-1	-1	-2	-5	-6	-2	0	
Number of Zeroes=19
-------------------------------------------

Current block= 160,16 -->Match Position= 160,17

Minimal Error=36023
0	0	1	3	-19	-22	20	5	-4	8	13	-4	-2	2	30	58	
-1	1	1	-3	2	-17	-9	23	3	18	14	-11	-1	0	33	25	
1	-1	-1	0	1	6	-3	-13	27	16	-9	-2	0	-2	3	-18	
-5	-2	-2	-2	0	3	-7	-35	-6	30	22	8	-1	0	-2	-50	
-2	0	-1	-1	-2	-2	-1	1	-22	-10	9	-4	-2	0	-9	-19	
2	1	0	-2	-5	-2	1	-6	0	-42	-8	-17	0	-1	1	1	
1	-1	1	-1	1	-1	-1	-5	-2	2	-14	-39	-8	-2	0	2	
-1	0	2	-2	-2	0	0	0	2	-2	-3	5	-1	-1	0	2	
21	-1	0	0	2	2	2	-4	-1	1	-1	22	2	-1	-2	6	
23	25	1	3	2	0	1	1	-2	-3	-2	13	-14	0	-3	8	
-14	27	18	-2	1	-1	-2	-1	0	0	0	6	12	-3	-2	0	
-23	-24	19	19	2	1	2	3	0	-1	-1	26	12	-5	0	2	
1	-17	-16	23	19	1	3	4	5	4	-3	4	-38	-4	0	1	
3	3	-14	-11	26	19	4	16	0	0	0	3	19	5	-2	-2	
5	3	1	-2	-8	27	15	-1	-4	0	-3	0	3	-15	-1	-4	
-1	-4	-6	3	-19	-19	25	14	-4	2	-1	1	3	-2	0	-4	
Number of Zeroes=35
-------------------------------------------

Current block= 0,32 -->Match Position= 0,32

Minimal Error=6381
-1	2	1	-2	-10	-13	-9	1	-2	-1	2	-6	-6	-4	-1	-3	
0	-1	-12	-15	-6	0	5	3	0	-10	-7	-2	3	0	-1	10	
-2	-3	0	5	6	0	-6	-9	-4	2	0	-3	0	11	12	18	
-1	3	3	-1	-3	-4	0	-1	-2	-4	11	19	13	13	-1	-3	
0	-2	-7	-6	-2	1	-1	3	9	20	14	17	0	-3	3	-2	
0	1	2	-1	-1	7	11	19	14	1	-1	-3	1	-1	-4	1	
-1	2	1	8	16	17	6	-2	-1	0	0	0	-1	7	1	1	
-2	4	13	13	6	1	-1	4	-5	-7	1	1	-1	-3	0	0	
-1	2	3	-1	-3	1	0	1	9	-2	1	-1	7	-3	0	-1	
1	0	1	2	1	1	-2	0	-1	0	1	-2	0	-1	-1	0	
0	4	1	1	-1	0	-1	1	1	0	-1	1	1	0	0	0	
-2	1	1	-2	-1	0	0	2	2	0	2	-1	0	0	1	1	
-1	2	-1	0	-1	-1	-1	0	0	-1	1	1	-1	0	-1	0	
-2	0	-1	0	-1	0	1	0	1	1	1	-1	2	-5	0	1	
-2	1	-2	0	-2	-2	-1	-1	0	-1	-1	0	3	3	0	1	
0	2	3	-8	1	-2	-2	-1	0	-1	0	0	-5	-1	0	3	
Number of Zeroes=54
-------------------------------------------

Current block= 16,32 -->Match Position= 16,32

Minimal Error=2579
-1	3	12	26	-3	-2	-1	-2	0	-6	-2	1	0	1	0	0	
14	22	9	8	3	-1	2	-1	3	5	-2	-1	1	-2	0	0	
2	-2	1	2	-1	-2	1	2	-1	1	0	0	3	3	1	-7	
-1	-1	-2	1	5	-1	0	0	0	1	-2	1	1	-1	4	2	
-2	1	-1	1	-1	-1	-1	0	0	-2	-1	-2	1	-1	-1	0	
0	-1	0	2	0	-3	0	-2	3	1	-1	0	0	-2	0	1	
-1	0	-2	0	3	2	-1	-1	0	3	-1	0	0	-4	-1	1	
-1	0	0	-1	-1	1	1	-3	-1	-1	0	0	5	1	-1	-6	
-2	-2	1	-2	-1	-1	4	4	-1	1	-2	0	1	2	2	9	
1	-1	-2	0	-1	1	-1	-1	1	1	1	-2	-1	0	0	1	
-1	1	-1	-1	-1	-1	1	-1	-5	0	-4	0	-1	0	-2	2	
0	1	-1	0	1	0	1	5	-2	0	1	-1	-3	2	-1	-3	
-1	0	-1	0	1	0	-3	-1	1	-3	0	4	-1	-1	-5	0	
-1	-2	0	0	-1	-3	-1	-1	0	1	0	-1	0	5	2	2	
-3	0	-1	-1	0	1	-1	-2	1	-3	-2	0	0	-1	0	1	
2	-1	0	1	0	0	-1	0	3	5	-1	-1	-2	-1	0	1	
Number of Zeroes=61
-------------------------------------------

Current block= 32,32 -->Match Position= 38,30

Minimal Error=4211
-1	-3	-4	-21	-17	1	-1	-2	-3	-2	0	4	6	2	2	2	
2	0	-1	-11	4	-2	-1	-3	-3	0	1	0	0	3	0	-2	
7	-1	4	2	-1	0	1	-1	-2	1	1	1	-2	-1	-3	1	
5	3	1	0	-2	0	0	2	2	3	1	-2	2	2	1	3	
-4	4	2	-1	0	2	0	3	2	4	-1	1	2	1	0	-12	
-2	-5	-13	0	1	2	1	1	-2	-5	2	0	-3	2	1	0	
-4	0	-4	-2	0	3	-1	-2	0	1	-3	0	2	1	3	2	
-3	2	-1	-1	-1	3	1	-7	0	2	2	3	1	3	5	6	
-9	-3	0	1	-2	-3	1	0	-2	-1	2	3	3	1	0	1	
-5	0	0	-1	0	-1	-1	-3	-6	-4	-1	2	2	1	-2	-2	
-1	2	-2	2	1	1	2	2	-4	-3	3	3	4	4	-2	-6	
1	-4	2	1	-1	-2	-3	-5	-1	-1	1	-4	-6	0	2	5	
-3	-3	4	-4	0	-3	-11	-2	2	7	6	8	8	-1	0	1	
-1	1	-6	-7	-1	1	2	6	0	4	-2	-3	7	-2	-4	-2	
13	-1	-7	-2	-3	1	4	1	3	1	1	-4	-5	-1	6	-3	
-2	6	4	-1	-2	-15	-10	-2	-1	3	4	-10	4	13	10	4	
Number of Zeroes=31
-------------------------------------------

Current block= 48,32 -->Match Position= 46,33

Minimal Error=33931
-1	1	1	0	5	2	-2	0	0	2	1	-2	-3	1	-1	0	
2	1	-3	1	4	0	2	-1	-4	2	1	4	-1	-1	-1	0	
0	-6	0	0	-1	3	-1	-1	1	-3	-2	5	0	-1	0	-1	
4	4	-1	-2	0	4	3	0	1	-2	0	1	-1	-1	0	0	
1	3	4	2	1	1	1	1	2	4	2	-2	0	-1	1	1	
-8	-5	1	1	3	-2	-3	-4	-3	6	0	-1	0	1	0	0	
-3	-1	-2	3	2	1	-1	-3	0	2	-6	-3	1	0	-1	0	
-2	-3	-1	0	0	6	5	-3	5	3	-10	-1	1	0	0	0	
-1	-2	1	-5	-6	9	4	3	-8	-3	-9	0	0	-2	-1	-1	
2	4	9	2	6	0	-7	3	-5	-1	-3	1	-1	1	-1	1	
3	1	-10	-11	10	3	-11	-1	6	-3	-4	0	0	0	2	13	
-4	6	-1	-8	-3	-3	-8	-18	12	8	-3	-1	-1	10	14	9	
-3	5	8	-1	-10	-11	0	-13	-16	-12	2	8	15	13	1	4	
-3	18	12	-12	-10	-1	-28	-71	-73	-6	14	13	3	4	26	40	
0	19	-1	-3	-8	-55	-69	-23	6	8	-1	-4	16	38	25	4	
2	5	2	0	-31	-15	16	6	1	-2	6	32	31	3	-6	-1	
Number of Zeroes=38
-------------------------------------------

Current block= 64,32 -->Match Position= 63,32

Minimal Error=2643
0	1	1	0	-1	0	0	-1	1	0	-1	-1	0	1	1	-1	
1	1	1	-1	0	1	1	0	0	1	0	0	0	0	0	-1	
1	0	1	0	-1	0	0	0	0	1	0	0	-1	-1	0	0	
1	-1	1	0	-1	0	0	0	1	1	0	0	-1	-1	-1	0	
-1	-1	-1	0	2	1	0	0	0	0	0	0	-1	0	0	1	
-1	-1	-1	-1	1	1	0	0	0	0	0	0	0	1	1	1	
-1	-1	0	0	1	0	1	1	1	0	1	1	0	0	-1	-3	
0	-1	-1	0	1	-1	-1	-3	-6	-8	-11	-12	-12	-13	-13	-15	
0	1	1	-2	-4	-7	-9	-10	-10	-8	-9	-10	-8	-9	-8	-9	
-1	-2	-4	-7	-6	-2	1	0	2	3	4	4	5	5	3	2	
-2	-2	-3	1	3	3	2	0	1	-1	0	0	-5	-3	-3	-2	
0	3	1	1	1	0	-1	-1	-2	-3	0	2	0	0	2	0	
2	1	-1	-5	-2	0	0	0	-1	0	-1	0	1	-1	4	4	
5	1	0	-1	-2	0	0	1	1	2	-1	0	1	-1	1	6	
-2	-2	-2	1	0	0	1	1	1	2	1	-2	-1	0	1	0	
-1	0	-2	2	1	1	2	2	4	5	-3	-4	-1	-2	2	1	
Number of Zeroes=80
-------------------------------------------

Current block= 80,32 -->Match Position= 78,32

Minimal Error=7064
-1	2	-1	1	0	-1	0	0	1	-1	1	0	0	0	0	1	
0	1	-1	-1	0	-1	-1	0	1	0	0	0	0	0	0	1	
0	0	1	-2	1	0	-1	1	2	-1	0	1	0	0	0	2	
0	-1	2	0	1	1	-1	-1	2	-1	-1	0	0	-1	0	1	
0	-1	0	0	1	0	0	-1	0	-2	0	1	0	-1	1	1	
0	-1	-1	0	-1	-1	0	-2	0	-1	-2	0	-1	1	1	2	
-2	-2	-1	1	0	1	2	-1	0	1	-1	0	0	-1	0	1	
-14	-14	-13	-12	-11	-9	-7	-6	-5	-4	-3	-1	-1	-1	1	0	
-8	-6	-6	-9	-10	-15	-18	-17	-13	-14	-17	-18	-16	-13	-10	-10	
-2	-5	-11	-11	-12	-13	-10	-7	-8	-13	-15	-10	-8	-9	-12	-13	
-8	-9	-7	-6	-3	-3	-2	-2	-4	1	0	-1	0	0	-2	4	
-5	-5	-5	-2	-4	-3	-2	-2	0	-3	1	-2	0	-1	-1	9	
-11	-11	-7	-1	2	-5	-3	0	1	-1	-3	1	1	0	6	3	
-7	-8	6	5	9	3	7	4	2	4	4	3	1	-2	2	-2	
2	-2	5	4	3	4	3	-3	0	1	1	0	-1	-1	-2	-2	
2	-1	0	1	1	1	4	-1	-1	1	2	-2	1	-1	-3	2	
Number of Zeroes=57
-------------------------------------------

Current block= 96,32 -->Match Position= 94,32

Minimal Error=4220
0	-1	-1	0	1	1	1	0	-1	-1	0	0	2	-1	0	0	
2	1	-2	0	0	-1	0	-1	0	-1	0	0	-1	1	0	-2	
1	0	-2	0	0	0	0	-1	0	-2	0	0	0	0	-1	-1	
0	-1	0	0	-2	-1	-1	-1	1	-1	1	1	0	0	-2	0	
0	0	0	-2	0	1	-1	0	0	0	0	0	0	-1	-2	1	
1	0	1	0	1	0	-1	0	-1	0	-1	0	-1	0	0	0	
1	0	1	1	1	-1	0	0	0	1	0	1	1	0	1	1	
0	1	0	1	1	1	0	0	0	1	0	-1	-1	1	0	-1	
-8	-9	-8	-7	-5	-3	-3	-1	-1	-1	-1	-1	0	0	0	0	
-14	-16	-15	-17	-14	-12	-11	-10	-9	-10	-8	-7	-4	-5	-3	-1	
5	2	0	-6	3	1	1	2	3	0	1	0	-3	-2	-2	-3	
2	-1	-4	-9	1	-1	5	3	5	7	7	8	6	7	6	6	
0	1	-5	-10	3	-3	1	4	4	5	5	4	4	5	5	9	
-3	0	0	-4	-3	0	1	2	0	5	8	5	3	5	3	-1	
-2	-4	-2	-2	-10	-9	1	10	5	-5	-1	3	8	7	4	5	
-1	-5	-1	-1	-5	-1	3	2	2	-2	-7	-4	3	4	9	4	
Number of Zeroes=74
-------------------------------------------

Current block= 112,32 -->Match Position= 111,32

Minimal Error=13079
1	2	1	1	1	0	9	20	7	20	1	0	2	0	0	1	
0	1	1	1	1	0	2	32	-4	6	24	1	0	-3	0	0	
1	1	0	1	2	2	-1	24	11	1	-1	15	9	-2	-1	4	
1	-1	-1	0	1	2	1	15	25	1	-2	-3	16	13	3	0	
0	1	1	0	1	1	0	5	34	2	4	-5	-2	16	17	0	
1	1	1	0	0	0	1	2	26	13	1	-4	1	-5	15	23	
1	-1	1	-1	0	1	-1	2	4	-19	7	7	0	-1	-6	5	
1	-2	0	0	0	0	-1	1	5	3	-19	-3	2	-5	-3	-6	
1	1	0	-1	1	0	1	2	3	11	2	-30	-11	8	2	-2	
-3	0	0	-1	1	1	1	2	3	0	0	-11	-16	-2	5	-2	
-10	-9	-9	-7	-6	-5	-2	0	2	5	3	3	7	-11	-26	3	
1	-2	-3	-3	-3	-5	-8	-6	-7	-3	0	1	5	-7	3	-14	
1	0	3	1	0	3	1	0	-3	-2	-4	-4	-3	-2	2	0	
0	-2	0	0	1	0	0	0	1	0	0	0	0	0	-3	-2	
-1	1	3	-4	0	2	0	-1	-1	1	0	2	1	-1	1	-2	
-2	1	2	-9	0	-1	0	0	1	-1	-1	1	0	0	1	0	
Number of Zeroes=57
-------------------------------------------

Current block= 128,32 -->Match Position= 125,30

Minimal Error=5352
-1	-2	0	2	2	0	4	1	0	2	1	5	7	5	3	1	
-1	1	1	2	0	-1	-6	0	-1	-1	-1	4	5	2	-2	1	
-2	3	3	1	2	-5	-6	0	0	-3	1	6	5	2	-3	-2	
-2	0	4	1	1	0	0	1	0	-2	-7	2	4	2	-3	-2	
1	0	0	0	-3	-1	-3	-3	9	5	-2	2	3	-1	-4	-4	
2	0	0	3	-4	-4	-14	-6	1	3	0	-1	5	4	-6	-4	
6	2	3	1	0	0	-1	-6	-4	-5	-2	-3	1	5	-3	-2	
0	2	-7	1	0	-2	1	2	-1	9	-1	-1	-2	-1	0	-6	
-3	-3	-5	-5	-6	-2	-2	0	-2	5	2	0	2	-3	1	-5	
4	3	3	-5	-7	-5	-3	0	0	-3	3	4	2	0	-1	0	
-1	-1	0	1	-3	-4	0	3	0	1	-2	0	2	1	-2	-3	
-5	-9	2	0	0	3	0	4	2	4	-23	-21	0	-1	-2	-1	
9	2	-8	0	3	1	1	0	1	0	-13	-4	-7	-4	-2	0	
18	1	-6	2	3	-1	-4	-2	-3	1	-11	-5	-3	23	3	2	
-11	-7	2	5	-5	2	-5	-10	-3	4	0	-5	1	10	5	3	
-2	-4	-7	8	10	-4	-2	-2	-1	1	-1	-6	-2	0	-2	2	
Number of Zeroes=42
-------------------------------------------

Current block= 144,32 -->Match Position= 151,39

Minimal Error=19417
1	-3	-2	-5	3	-10	-12	-12	-22	-25	-10	12	0	5	13	10	
1	-2	-1	-8	11	5	-12	-10	-14	-25	-16	8	-5	5	13	6	
-5	-7	-2	2	4	4	0	-13	-23	-39	-12	2	-5	-1	13	11	
-3	-4	-4	6	11	-3	-2	-5	-22	-65	-33	-1	-3	0	7	14	
-2	5	2	9	12	2	-3	-11	1	-14	-30	-6	-7	2	9	13	
-3	5	4	4	10	3	-1	0	-4	0	-6	-6	0	3	8	9	
6	9	6	-1	5	5	-7	-16	-7	-5	-3	-9	-15	-3	13	15	
4	5	4	0	2	5	1	-8	-6	-5	-3	-8	-14	-8	6	15	
1	-3	1	0	2	4	0	1	0	-10	2	-6	-12	-3	-4	1	
3	5	1	-2	-1	-2	1	-2	1	-3	-12	1	-5	-4	-3	-2	
3	1	3	0	-3	-1	1	0	-1	-3	-5	-20	0	1	-1	2	
7	3	5	3	-1	-2	0	3	-1	-2	0	-6	-12	3	-2	-3	
5	4	5	-2	1	3	0	0	1	-3	-4	-2	-6	-4	7	2	
-2	-1	4	0	-3	3	0	-4	-6	0	5	-2	-4	4	4	7	
0	-3	0	1	-1	0	-2	-3	1	0	4	-1	-8	5	5	-4	
-1	-4	-1	-1	-1	0	-2	-4	0	0	-3	0	-3	-1	6	-3	
Number of Zeroes=28
-------------------------------------------

Current block= 160,32 -->Match Position= 160,32

Minimal Error=27466
5	3	2	11	2	29	-7	-26	1	-2	-1	-3	13	-4	0	-5	
4	4	-4	11	0	-2	32	-15	-30	0	0	-3	16	-5	-5	-2	
3	4	0	6	7	-2	5	33	-13	-34	0	-3	10	9	-3	0	
-1	4	0	9	2	1	0	3	36	-13	-35	-4	5	3	1	2	
0	2	-3	7	3	1	1	-4	10	35	-16	-24	-13	-1	-1	-1	
0	3	-3	2	6	-1	6	-2	-1	2	34	-8	-6	-16	2	-3	
1	3	-2	0	5	-3	4	2	-1	4	5	28	-1	-5	0	0	
0	5	-1	-2	4	0	2	4	-2	5	5	6	7	5	-14	-7	
-1	2	4	-4	4	1	-1	-1	-2	2	2	0	-1	17	2	-4	
-2	-2	-2	2	4	3	2	-1	-3	4	1	3	-3	10	-1	4	
-28	-1	-1	-3	1	0	1	0	-1	1	2	5	1	-4	1	4	
-15	-33	-4	-3	1	1	0	1	0	1	-1	3	12	-2	-2	8	
7	-11	-31	-6	0	-1	-2	0	0	0	0	1	4	7	-4	3	
-5	8	-1	-36	-5	4	-3	-3	1	-2	-2	4	1	4	4	-7	
-5	-9	7	-1	-37	-7	5	-3	-1	-2	0	1	2	-5	9	21	
41	1	-9	5	1	-33	-11	4	-5	-5	2	2	5	4	-5	27	
Number of Zeroes=27
-------------------------------------------

Current block= 0,48 -->Match Position= 0,48

Minimal Error=5638
-1	-1	4	4	0	5	-1	-1	-1	-1	0	3	2	-2	-1	0	
0	0	-2	1	-1	0	-1	0	-2	0	-1	0	1	-1	-1	0	
-1	-1	0	1	-1	2	0	1	0	-1	-2	1	1	0	0	-1	
0	1	-2	-1	0	-4	0	-2	-1	2	-1	1	1	2	0	0	
0	2	0	1	3	2	1	4	-2	-1	1	1	-3	0	0	-1	
2	-2	1	-3	1	1	1	0	3	2	-1	0	0	0	0	0	
0	-2	0	2	0	2	0	1	0	-1	0	0	0	0	-2	-8	
0	2	2	0	-1	0	0	-1	-3	0	-1	-1	-8	-18	-14	-11	
2	0	0	0	-1	0	0	3	0	-3	-6	-15	-6	-9	-3	0	
2	1	1	0	1	-1	-2	-5	-18	-20	-8	1	4	-3	-2	-3	
2	0	0	-1	-2	-12	-18	-9	-3	5	1	0	3	6	6	-1	
2	-1	-10	-14	-16	-3	3	0	-6	2	2	2	-3	-2	-8	-5	
-2	-2	-9	0	4	3	2	8	-12	-10	-4	-12	-9	-5	0	-1	
-1	0	3	3	-2	-2	-3	-11	-2	-3	-2	0	-1	0	2	1	
-2	1	-6	-4	-5	-10	6	-2	-5	-3	-3	-3	-1	-3	-3	-2	
-3	-3	-3	-9	0	4	16	16	7	-2	-5	-6	-2	-2	-2	-1	
Number of Zeroes=62
-------------------------------------------

Current block= 16,48 -->Match Position= 14,49

Minimal Error=3830
0	-3	-1	-1	3	1	3	4	2	-2	-5	-1	-1	2	0	-4	
1	-1	-3	-2	-1	-6	3	2	0	-1	1	-3	1	5	2	6	
0	0	0	1	1	1	-2	-1	-4	3	8	-2	7	1	2	6	
3	-3	1	-3	1	3	-1	-2	0	3	-1	-3	2	-1	0	-2	
3	-1	-3	-4	1	4	4	0	0	0	1	-4	1	1	3	8	
5	2	1	1	-2	-2	-3	1	3	-6	12	16	4	8	9	2	
5	-3	-2	-4	-2	-1	-11	-1	-1	-18	5	-6	-6	4	-3	0	
-2	-2	-2	-1	-1	2	-5	7	2	8	-1	1	0	2	1	-3	
5	7	-1	-1	0	-6	-6	3	3	-2	-4	-5	-3	0	1	0	
8	8	-2	-4	-2	-3	2	3	8	5	-2	-1	0	0	-2	0	
-4	-2	2	2	1	0	-2	-5	0	1	-4	-1	1	2	-4	-1	
0	4	-1	-5	-3	-1	2	3	3	1	-1	1	2	-1	-2	1	
0	4	3	2	-3	-2	-1	-1	-1	1	1	4	5	2	0	1	
2	1	1	-1	-1	0	4	0	3	4	3	2	2	1	2	2	
5	11	11	5	1	-2	1	1	-2	2	2	3	2	0	-1	0	
4	10	9	10	9	7	4	2	4	3	2	6	5	3	1	2	
Number of Zeroes=28
-------------------------------------------

Current block= 32,48 -->Match Position= 32,48

Minimal Error=1753
-10	-17	-9	5	4	4	2	2	-2	-4	-3	-6	-6	-3	-3	0	
-2	5	2	3	4	3	-1	-4	-1	-8	-9	-5	-1	1	-1	-2	
3	-1	0	2	1	-1	-6	-6	-5	0	-1	0	1	3	2	0	
-1	0	-9	-8	-5	-4	0	0	1	1	1	1	-4	-1	-1	2	
-8	-6	-7	-6	-2	-4	-3	1	2	0	0	2	1	1	0	-2	
-4	-3	1	1	0	3	2	1	1	1	-1	-1	0	0	1	1	
0	-2	0	0	2	0	0	0	1	0	0	1	1	0	-1	-1	
0	2	1	-1	0	1	0	0	-3	-3	1	1	1	2	-1	0	
0	1	0	1	0	0	-1	-1	-3	-1	1	1	1	-1	0	1	
2	1	0	1	0	-1	0	-1	1	2	-1	-1	0	-1	0	0	
0	-1	0	0	1	0	0	1	2	1	0	2	0	-2	0	0	
4	0	0	1	-1	0	-1	0	0	1	0	1	1	1	-1	-2	
0	0	0	-1	-1	2	1	0	-2	0	-3	0	0	0	-2	-3	
-1	0	-2	-1	0	1	-1	0	-2	0	-1	-1	-1	1	4	-1	
-1	0	0	-1	-1	-1	-2	-1	-1	0	0	-2	0	0	0	1	
-1	0	0	-2	-1	1	0	1	-1	0	0	-1	-1	-2	1	2	
Number of Zeroes=78
-------------------------------------------

Current block= 48,48 -->Match Position= 46,48

Minimal Error=11518
-3	-1	-9	-7	22	2	-2	-1	0	0	-15	-25	-6	3	-1	3	
4	0	-1	13	12	-2	0	0	-2	-15	-19	-1	2	1	-1	5	
0	2	0	15	4	1	-1	-3	-9	-11	-4	-1	4	0	0	3	
-3	1	4	15	7	0	-3	-8	-8	-3	-5	0	2	0	-2	1	
2	-2	0	14	7	-1	-4	-7	-4	0	-2	2	2	2	-1	-1	
0	-1	0	12	7	-3	-5	-3	-1	0	-4	0	1	-1	-3	-3	
-2	-1	-3	7	11	-3	-3	-5	1	0	-4	2	-1	-2	-2	-1	
0	0	-2	4	16	-3	-4	-5	-1	-1	-4	0	-4	-4	-2	-1	
1	1	-2	-3	18	2	-4	-5	-4	-3	-5	-4	-4	-4	-1	-6	
-2	-2	-1	-4	9	21	0	-5	-8	-5	-5	-7	-4	-5	-1	-5	
0	-1	-2	-4	-4	15	17	-2	-8	-5	-3	-8	-4	-5	-4	3	
-2	-1	-3	-3	1	1	18	21	-1	-8	-9	-11	-8	-5	-4	5	
2	1	1	-1	-1	1	0	14	24	6	-9	-10	-14	-16	-2	8	
4	1	-1	-2	-4	-1	2	-4	1	25	20	-6	-14	-6	-1	6	
0	1	1	0	-1	2	0	-3	-4	-4	12	12	-5	-4	3	6	
1	1	-1	0	-1	0	-3	-2	1	-1	-3	-5	-3	-8	7	4	
Number of Zeroes=30
-------------------------------------------

Current block= 64,48 -->Match Position= 63,48

Minimal Error=4318
2	1	0	2	1	2	1	0	2	-1	-3	-1	-1	1	-1	0	
3	2	2	2	2	-2	0	-1	1	0	-2	-1	2	3	-1	-2	
5	7	3	1	0	0	-2	-1	0	1	-1	0	0	1	0	-1	
-1	13	1	0	-1	0	-2	-3	0	-1	-1	-1	1	-2	0	-1	
-4	8	8	-4	-4	-2	1	0	2	0	-3	-3	-1	-1	0	-1	
-7	5	-1	-2	0	0	1	0	1	1	-3	2	0	-4	-3	-1	
6	-6	-5	-1	-1	0	1	2	2	1	-1	-1	0	3	-1	0	
-5	-9	0	0	1	0	2	4	1	4	3	1	-1	-1	0	-1	
-16	-6	1	0	0	2	3	4	2	1	4	4	4	6	5	6	
-14	-4	-1	-1	-3	1	1	1	5	3	5	4	4	6	5	6	
-11	-6	-1	3	2	1	1	1	1	-1	0	1	0	-1	-3	-3	
-13	-4	-2	0	6	5	2	2	1	0	2	1	-1	-4	-2	2	
-8	-5	-2	1	5	2	1	1	1	0	0	-1	-1	-3	-5	-5	
-11	-7	-3	3	5	2	2	1	0	-2	-3	-6	-3	-11	10	-4	
-12	-7	0	6	5	4	2	2	0	-2	-3	-1	9	-1	8	2	
-16	-7	0	7	3	2	2	3	2	7	11	7	8	8	7	8	
Number of Zeroes=41
-------------------------------------------

Current block= 80,48 -->Match Position= 79,48

Minimal Error=1704
-1	-1	0	1	0	1	-1	1	0	0	0	1	-2	-1	0	0	
-1	0	1	0	1	3	-2	0	0	-4	-1	1	0	0	0	-1	
-1	2	0	-2	-1	-2	0	-2	-1	-4	-3	0	1	1	0	-1	
-1	1	-4	-5	-5	-3	-3	2	-2	-3	-5	1	0	1	-1	-1	
-3	-2	-1	0	-5	-1	-2	-1	-4	-2	-2	0	-2	0	0	0	
-3	-3	-4	0	1	-3	-4	-1	-4	0	-1	0	-2	-1	-1	-2	
-1	-2	-2	-2	-1	-3	-3	1	-4	0	0	1	3	0	0	0	
2	-2	2	7	2	2	1	3	1	0	1	-1	0	0	0	-1	
6	9	4	4	3	3	1	1	1	1	2	1	0	-1	0	-1	
1	2	-2	-3	-1	-1	0	1	0	1	1	0	1	0	-1	-1	
-5	-9	-9	-7	-7	-3	-4	-5	-2	-1	-1	-1	0	1	0	0	
2	1	-6	-4	-1	-6	-2	-2	-3	-3	-4	-2	1	1	2	3	
-4	-2	-2	-3	-2	1	-6	-2	-3	-2	-1	-4	0	0	2	2	
1	0	6	1	-2	1	3	-2	-2	-2	-1	-1	-1	0	1	0	
1	-5	5	4	-7	-2	1	1	-2	-2	2	-1	-2	0	1	2	
5	6	5	7	1	-1	-1	1	-1	1	0	1	2	2	1	2	
Number of Zeroes=52
-------------------------------------------

Current block= 96,48 -->Match Position= 95,48

Minimal Error=1271
-1	0	0	0	-1	-1	-2	-2	0	0	3	5	-3	1	-2	-1	
-1	-1	1	0	0	0	1	1	-2	1	2	3	1	0	-2	-1	
1	-1	1	-1	0	1	-1	0	0	0	0	0	1	3	0	-1	
3	-1	0	1	-1	0	1	0	0	-1	0	1	1	1	1	0	
2	0	2	-2	0	-1	-1	-1	1	0	-1	0	1	2	0	1	
2	3	4	0	-1	-2	-2	-5	-3	2	0	-2	-2	-1	-2	1	
-1	1	4	0	1	-1	-1	-2	-4	-4	0	0	-2	-1	1	-2	
1	1	2	2	2	3	2	-1	-3	-6	-4	-1	0	0	-2	-1	
0	0	3	2	1	3	2	3	0	-2	-3	-4	-2	1	-1	0	
1	-4	-1	1	1	4	1	4	2	1	0	-2	-4	-1	0	0	
1	-1	1	1	-1	-1	1	3	6	2	-1	0	-1	-1	1	-1	
2	4	1	0	0	0	1	0	2	3	3	1	1	-2	1	0	
3	4	0	-1	1	0	2	-3	-2	-3	-3	0	0	0	3	0	
6	3	-1	-1	0	1	0	-1	-1	-2	-6	-7	-4	-1	0	1	
7	3	0	2	1	0	-2	0	-1	-2	0	-3	-7	-3	-1	1	
4	10	0	2	1	1	-1	-2	-1	-2	-4	-6	-2	-6	-4	-2	
Number of Zeroes=61
-------------------------------------------

Current block= 112,48 -->Match Position= 111,48

Minimal Error=15682
-1	-2	1	-2	2	-1	1	2	-1	-1	0	1	1	2	1	2	
0	0	-2	-1	1	0	1	2	-2	-2	0	0	2	0	2	4	
0	0	-3	-2	-1	-1	1	8	3	-5	-2	0	2	1	1	4	
0	-2	0	-2	-1	0	3	6	-3	-2	-11	0	0	2	2	2	
-2	-1	1	0	-1	-1	2	3	-4	-1	-12	-3	0	0	3	-1	
-1	1	-2	-4	-2	-2	1	3	-6	0	-11	-10	0	-1	3	-10	
-1	2	-1	-2	-4	-2	1	2	-6	-5	-12	-13	-4	-2	-1	-13	
0	-1	1	-1	-1	-3	-3	-7	-8	-7	-10	-12	-7	4	-7	-7	
-1	0	2	0	-4	-11	-1	-10	-2	-7	-9	-10	-6	2	-14	-3	
-1	0	1	5	-8	-2	6	-10	-1	-7	-12	-14	-3	-9	-6	-3	
-2	-1	-2	3	-2	3	-5	-17	-5	-15	-16	-5	8	-9	1	-3	
-2	0	-2	3	-1	-5	-10	-15	-14	-16	-5	-11	-14	-6	-4	3	
-2	-4	-3	0	-2	-6	-22	-23	-15	-8	-17	-15	0	-8	-1	6	
-1	0	-2	-1	-1	-23	-37	-12	-11	-17	-13	0	4	-1	-2	-3	
2	1	-1	-2	-18	-36	-1	-12	-14	-5	-1	-1	0	0	-4	4	
1	-3	-2	-4	-5	33	40	17	6	-3	-1	-1	-3	2	-1	1	
Number of Zeroes=31
-------------------------------------------

Current block= 128,48 -->Match Position= 131,51

Minimal Error=8374
-21	3	3	1	6	12	5	10	8	2	-3	-3	-3	-5	-4	-1	
-20	4	1	-4	-1	-2	0	7	12	1	-5	-7	-6	-4	-4	-5	
-21	-1	3	1	-5	-4	-5	-11	-10	1	1	3	-2	-2	2	-7	
-19	-3	5	2	-7	-6	0	-3	-13	-21	-3	0	3	1	-1	3	
-9	-2	0	0	-6	-4	3	3	8	4	-19	-6	1	1	0	3	
-5	9	0	-1	-4	-5	-3	1	2	4	0	-7	5	2	1	-4	
-2	2	-1	2	-1	-5	-4	1	1	-3	-1	-3	0	-1	4	4	
2	-2	-3	-3	-1	-4	-1	1	0	0	0	-2	-5	0	-3	-4	
1	0	1	-3	-7	-10	-1	2	0	0	27	10	0	0	-3	-14	
-2	2	2	3	1	-3	-1	-1	6	6	9	7	2	-2	1	2	
1	2	2	-1	2	0	1	-2	6	4	6	2	3	-5	-3	-1	
9	3	-3	-6	0	-1	-3	0	2	1	-1	5	2	-18	-17	0	
12	9	-1	-6	0	-4	-1	0	2	0	0	-4	-5	-3	-2	-5	
0	3	0	-3	0	-1	-2	-1	-3	-2	1	-4	-1	-3	-6	-6	
2	4	4	-8	-9	5	1	0	1	0	-2	-2	-1	0	-2	-5	
3	12	10	-7	-10	-2	1	-1	8	0	-3	-1	2	1	1	-3	
Number of Zeroes=33
-------------------------------------------

Current block= 144,48 -->Match Position= 141,46

Minimal Error=4418
7	1	3	4	0	-2	2	-3	-3	-1	3	5	3	0	8	5	
7	0	3	6	1	0	1	0	0	-1	-7	-1	3	1	3	4	
5	2	0	5	-1	-1	0	-5	-4	-4	0	1	-2	-1	2	3	
5	2	2	4	1	-1	-3	-4	0	-3	1	1	-2	-1	-1	-3	
1	-1	8	3	1	0	-3	1	-2	-1	2	3	2	2	3	0	
0	-4	-3	4	2	1	-3	-2	-2	4	6	1	4	0	3	7	
-4	-2	-5	0	-2	-2	0	-5	-1	5	1	-1	3	2	-2	5	
-2	4	3	2	0	-7	-4	-5	0	3	2	-3	1	3	1	2	
-2	-3	0	-1	-2	-3	-9	-3	-3	2	1	-2	-1	2	4	1	
3	-1	-3	-5	-3	2	-1	-2	-4	-1	1	1	-3	-1	2	3	
-1	5	12	1	-1	-1	1	0	5	-3	-5	-2	-1	2	0	1	
1	1	8	-7	3	0	-1	-3	11	9	3	-3	0	1	-1	3	
3	1	1	-4	-13	-4	-3	-1	-3	8	10	1	3	0	0	2	
27	9	2	1	-6	-19	-3	-2	4	4	2	1	-9	-3	-2	0	
5	0	3	-4	2	2	-1	2	2	9	1	2	-3	-12	-7	-2	
2	2	5	0	-3	-1	0	1	3	1	0	-3	4	8	-3	5	
Number of Zeroes=30
-------------------------------------------

Current block= 160,48 -->Match Position= 154,43

Minimal Error=8637
2	15	6	-2	5	1	-4	-1	-2	-1	6	10	5	-5	-12	-2	
-1	3	2	-1	-3	5	3	5	14	6	8	10	10	-5	-11	-11	
-3	5	-2	-4	-6	-3	3	2	6	-7	5	-5	2	-1	-2	-3	
-2	6	8	-4	-4	0	-5	-4	-2	-7	-4	1	9	4	-5	-9	
-2	-9	5	0	-3	6	1	-3	-2	-2	-6	-3	-2	-2	-13	-23	
-3	-2	2	1	-6	0	4	-1	-1	0	-7	-3	-4	-5	-8	-20	
0	-2	-1	0	-3	2	1	4	3	0	-6	-4	-2	1	-12	-7	
4	2	6	-6	-2	2	2	1	5	2	-6	-11	-3	2	7	2	
-1	6	7	-6	-5	3	0	-2	2	3	1	0	-8	0	5	9	
3	1	5	3	0	2	3	8	1	3	5	6	0	-6	-6	8	
6	1	1	0	0	-1	-2	4	3	3	9	5	3	1	-13	-2	
2	4	0	-1	2	0	-3	-3	2	4	2	-3	-12	1	-3	0	
2	6	1	0	1	-1	-2	-4	-1	7	1	2	-2	1	2	46	
0	3	0	-5	-5	-3	-2	-4	1	10	3	3	-1	-3	-3	11	
-3	-3	3	0	-2	-5	-7	-2	0	1	6	5	1	0	-4	-5	
-1	-7	0	2	1	-3	-3	-3	1	1	2	7	2	1	-5	-4	
Number of Zeroes=24
-------------------------------------------

Current block= 0,64 -->Match Position= 0,64

Minimal Error=20399
-1	-5	1	8	19	25	13	23	38	43	14	-1	-4	-5	-5	-4	
-1	12	18	9	-1	0	1	-9	0	18	49	35	3	-3	-5	-4	
-1	2	5	-5	2	7	4	-7	-4	-4	0	33	42	20	3	-4	
-2	1	4	-1	-1	3	-2	-5	-2	-4	-4	-2	22	30	29	17	
0	-1	0	0	3	5	6	1	1	4	-2	-3	-2	11	28	26	
1	1	-1	0	-2	0	-2	-2	-2	-2	4	-2	4	-2	2	22	
2	0	-3	5	-2	0	-1	-4	-1	-3	6	-13	-3	3	-2	6	
-2	-2	0	6	3	4	1	5	1	-9	2	9	0	3	3	1	
0	-2	2	6	-4	-1	3	-1	2	10	-5	-1	1	0	1	0	
-1	-2	0	10	-5	-3	-4	1	1	2	5	-10	-3	-2	-1	2	
-2	-2	1	4	6	3	2	1	-3	-3	9	2	-1	-1	-1	-3	
0	1	-7	0	0	-2	0	-3	6	-4	4	1	-2	-3	1	2	
0	1	-1	0	4	-1	4	-2	2	1	0	6	6	-1	-5	2	
-1	3	0	2	0	-1	-2	0	-3	2	1	1	3	3	-2	-2	
-1	-1	-2	1	1	-1	-2	4	0	3	0	2	2	4	-2	-12	
0	0	0	0	0	2	1	0	1	0	1	0	0	4	14	3	
Number of Zeroes=37
-------------------------------------------

Current block= 16,64 -->Match Position= 15,64

Minimal Error=5332
-2	-2	-1	0	0	-2	-2	-2	-2	-2	1	0	-1	-3	1	-1	
0	-1	-1	-1	0	-2	-1	0	-2	-1	0	-4	-1	3	1	-1	
-1	0	-1	-2	0	1	-1	1	0	-1	0	1	2	-1	1	-2	
-3	-1	-1	0	0	0	0	1	-1	-1	1	-1	1	0	0	-1	
-5	-6	-4	-1	1	0	0	0	1	0	0	0	0	2	-2	2	
-14	-8	-7	-2	1	-1	-1	1	0	-1	-1	1	1	0	0	1	
-14	-13	-5	-7	-2	-2	1	0	0	-1	2	1	0	0	0	1	
-4	-19	-7	-7	2	-1	-4	1	-1	-1	-1	-1	-1	0	0	-1	
-8	-8	-14	-4	0	-5	-3	-4	-1	-1	-1	-1	-1	-1	1	0	
-3	-1	-4	-15	-3	-3	-6	-3	-4	-2	-1	-1	-1	0	-1	-1	
-1	1	2	-22	-7	-1	-2	-1	-2	-2	-4	-6	0	1	-1	1	
2	1	-2	-9	-16	-3	-4	-3	-1	-4	-2	-2	-1	0	0	0	
0	3	-10	2	-10	-14	-1	-2	-3	-3	-1	-4	-2	3	-2	-1	
0	0	-4	1	-1	-16	-7	-3	-5	-1	0	-2	-1	-1	-2	-1	
5	0	-4	-3	0	-5	-23	-6	-1	-1	-1	-1	-1	-9	0	-1	
12	0	-4	-7	0	-2	-13	-10	-1	-1	-1	-3	-3	-4	2	-4	
Number of Zeroes=50
-------------------------------------------

Current block= 32,64 -->Match Position= 31,64

Minimal Error=514
-2	-2	-1	0	1	1	1	-2	-2	3	1	0	0	0	0	1	
-3	0	3	-1	1	-1	-1	1	1	0	-1	-1	-2	-1	1	2	
-3	1	-2	-1	0	0	1	0	0	-1	-1	1	0	1	0	0	
-2	0	0	-2	1	-1	-1	0	0	0	-1	1	-1	0	-2	-2	
-1	-1	2	1	1	-1	1	1	1	1	-2	1	0	-2	0	-1	
2	-2	-3	0	2	-1	0	0	-2	-1	-1	-2	-1	-3	1	1	
3	-2	-1	1	0	-1	-1	3	0	-2	-1	-1	1	2	3	3	
0	0	1	0	-1	1	-1	-1	-3	-2	0	2	-3	-1	0	-1	
0	1	2	0	0	-1	-1	1	-1	-2	-2	1	-1	0	0	-1	
-1	-2	-1	1	0	0	0	-2	-1	1	2	1	2	1	1	1	
0	-2	-1	-2	1	0	0	-2	0	1	0	-2	2	0	-1	0	
-1	-1	0	-1	0	-1	-2	0	1	-1	1	-1	-2	3	0	-1	
-3	1	0	-1	0	-2	-1	0	0	-2	0	-1	1	1	1	1	
-6	2	0	-2	1	-1	-1	2	2	0	0	0	-1	-2	-1	0	
-2	0	-2	-2	-1	-2	1	3	0	0	-1	-1	0	-1	0	-2	
-3	0	-1	-2	-1	0	-1	-1	0	1	0	-3	-2	0	0	-2	
Number of Zeroes=72
-------------------------------------------

Current block= 48,64 -->Match Position= 46,64

Minimal Error=6853
-1	-3	-2	-1	0	2	1	-1	-1	0	-2	-4	-3	-4	6	2	
0	-4	-3	2	1	-2	-3	-1	2	2	-3	-4	-5	-2	6	3	
1	0	-2	-1	2	1	-1	-1	1	1	7	-2	-10	-10	2	3	
0	1	0	-2	0	-1	-2	-1	1	6	2	3	-4	-8	-1	3	
-1	0	-1	-2	-1	-2	-1	0	3	5	-8	4	8	-2	-9	4	
0	-2	1	2	-2	0	-2	0	3	5	-5	0	8	-1	-4	6	
3	-2	-5	1	3	4	2	2	4	2	-6	1	10	-2	1	6	
1	-2	-2	2	3	3	2	2	2	0	-5	3	8	-3	3	9	
0	3	1	0	-1	4	1	-2	0	1	-6	8	5	1	-2	7	
-3	0	0	-1	-2	0	2	-2	2	7	-4	8	7	-1	-15	15	
-2	1	2	0	-1	-1	5	0	0	9	-6	11	3	-9	-16	21	
2	5	1	-1	0	-2	3	1	-1	8	-4	12	1	-12	-6	24	
0	-1	1	0	2	3	1	1	1	5	6	7	-4	-13	8	21	
3	1	1	1	1	0	2	4	1	1	12	5	-6	-10	12	11	
3	4	2	1	1	2	3	1	-3	-1	12	5	-5	-8	11	9	
3	3	2	2	2	5	3	2	-1	2	11	9	0	2	0	5	
Number of Zeroes=29
-------------------------------------------

Current block= 64,64 -->Match Position= 63,64

Minimal Error=5041
-18	-3	3	7	7	7	7	7	7	6	5	3	4	4	3	3	
-18	-2	2	5	7	6	8	6	5	-1	1	1	2	1	0	0	
-17	1	2	2	3	1	3	6	7	6	6	6	4	5	4	5	
-13	2	2	2	3	2	3	5	4	5	8	4	7	6	5	5	
-6	1	0	2	3	1	3	1	3	4	4	5	4	7	4	4	
-1	2	0	1	3	1	3	1	3	3	3	4	5	4	4	3	
2	1	0	1	2	2	1	3	3	1	3	3	3	2	4	3	
0	0	1	0	1	3	2	0	2	3	3	3	2	2	3	5	
2	0	2	1	2	1	3	2	1	2	2	2	1	3	2	1	
2	0	0	2	2	3	0	3	1	2	2	3	2	2	3	2	
-1	0	2	1	1	0	0	0	1	1	1	0	3	2	2	0	
-2	0	2	0	3	1	3	3	3	1	3	3	2	1	0	0	
-4	-1	5	9	8	10	11	8	3	1	1	0	0	1	-1	-2	
-4	0	9	10	12	10	12	15	10	2	0	0	0	-1	-1	0	
-2	-3	2	2	1	1	2	8	11	4	0	0	0	0	3	4	
0	-6	-4	-3	0	-2	-1	1	10	7	2	3	0	2	2	2	
Number of Zeroes=37
-------------------------------------------

Current block= 80,64 -->Match Position= 79,64

Minimal Error=6940
3	3	1	1	2	-1	1	0	0	1	0	1	-1	1	2	4	
-1	-1	1	1	2	3	4	5	2	1	0	2	0	2	3	3	
5	4	4	4	4	4	3	4	2	3	2	0	2	1	2	2	
5	6	4	5	2	3	3	2	2	1	1	1	1	0	1	3	
5	5	2	1	4	3	4	1	3	2	0	2	1	1	2	4	
3	4	4	3	1	2	1	2	3	2	3	3	0	0	2	2	
3	1	2	2	2	1	1	0	2	2	2	2	2	11	22	19	
1	2	1	1	1	0	0	1	-1	0	-1	5	17	16	10	12	
2	0	0	0	-1	0	1	3	2	1	3	10	2	2	1	1	
1	0	0	0	0	3	4	1	2	6	12	1	1	-3	-2	0	
-1	1	1	1	0	3	5	3	11	14	2	-2	-3	-3	-4	-4	
-3	-3	-2	0	-2	-4	-5	0	4	1	-2	0	0	-3	-2	-2	
-4	0	1	0	-5	-6	-12	-22	-12	-8	-5	-5	-4	-1	1	0	
4	5	3	5	0	-1	8	-3	-26	-12	-5	-7	-6	-4	-5	-3	
1	2	2	4	8	3	4	9	3	-16	-10	-3	-7	-8	-6	-4	
2	1	1	1	6	9	9	9	12	12	-7	-5	-3	-4	-4	-5	
Number of Zeroes=32
-------------------------------------------

Current block= 96,64 -->Match Position= 95,64

Minimal Error=2808
2	11	4	5	4	0	3	-9	7	4	1	-1	-2	-5	-4	-3	
3	8	8	3	2	1	2	0	1	-2	1	0	4	1	-7	-5	
3	5	6	5	3	1	2	-1	1	2	-1	1	0	4	2	-1	
1	3	6	3	5	3	1	0	0	0	0	0	2	1	4	3	
2	2	3	4	2	5	4	2	2	1	1	0	1	0	-3	-2	
2	1	1	6	1	1	3	3	0	3	2	0	-1	-1	-1	-1	
9	3	-1	2	3	1	2	2	3	1	0	-1	0	-1	0	0	
16	9	2	1	2	0	3	1	2	2	1	1	0	-1	0	0	
5	8	4	-1	-1	0	1	1	3	2	0	1	-1	0	0	0	
1	3	6	-2	1	-2	-1	0	1	0	1	1	0	3	1	1	
-2	-2	5	2	1	1	1	0	0	0	-1	1	0	1	0	1	
-2	-2	2	3	3	3	0	1	1	1	0	0	0	-1	0	0	
0	-2	-2	7	3	5	3	-1	-1	0	-1	0	1	1	0	1	
-3	-6	-6	-5	-6	-2	1	-2	-2	0	0	-1	1	1	0	2	
-5	-3	-12	-14	-6	-4	2	-1	-1	-1	0	0	2	0	2	0	
-6	-11	-8	1	-1	-1	3	4	1	-1	-1	-1	1	0	-1	-1	
Number of Zeroes=52
-------------------------------------------

Current block= 112,64 -->Match Position= 111,64

Minimal Error=5106
0	-1	-2	-4	9	6	-2	-4	12	13	3	-1	1	1	-2	1	
-2	0	-1	-3	6	5	0	-8	-2	8	20	5	1	-1	0	2	
-2	0	-2	0	7	4	4	-1	0	-2	1	14	12	-1	0	0	
-3	-2	-4	1	5	3	0	3	4	2	-6	-3	12	16	7	2	
-2	-3	-5	0	0	1	1	0	0	7	2	-2	0	3	16	8	
-1	-3	-3	0	3	-6	0	4	-1	2	4	3	-1	-2	-3	11	
-2	-2	-2	2	2	-1	1	3	-3	-2	2	7	4	-4	-1	-3	
-1	-2	-2	0	-3	2	0	1	0	-2	2	2	0	-1	6	1	
0	-1	-2	4	9	8	1	0	1	1	-2	1	-1	0	7	5	
0	-3	-3	10	3	6	0	1	-1	0	-1	-1	1	-1	0	2	
1	1	-3	11	-1	-3	0	-1	-3	-2	1	2	-1	-6	-2	1	
1	0	-2	11	-3	-5	-1	3	-3	4	3	1	-1	0	0	-3	
0	0	-2	9	-4	-2	0	-2	-3	6	0	5	0	0	-5	-2	
-2	0	-3	13	-5	-2	-1	1	3	1	0	-2	-4	-2	-2	-1	
1	0	-2	13	-11	6	2	1	-1	0	0	0	1	2	2	-1	
0	0	-2	13	-11	11	0	3	0	-1	-3	1	2	1	-2	0	
Number of Zeroes=49
-------------------------------------------

Current block= 128,64 -->Match Position= 126,63

Minimal Error=6146
3	2	0	0	-4	14	8	-1	0	1	-5	1	6	1	2	1	
6	0	-4	-5	-5	-4	0	-1	-2	-1	0	-3	1	-1	-1	0	
2	1	-3	-4	-9	-9	6	4	3	2	-2	-7	0	-2	1	-2	
2	4	-1	0	-9	-1	13	8	-1	-1	-9	-7	-2	4	2	-3	
1	3	1	-1	-4	-9	4	-1	-13	-1	-8	-8	8	0	1	0	
-9	1	-2	-3	-2	-10	-3	5	0	6	-2	0	3	4	1	-3	
1	1	1	-9	-1	0	2	16	7	-3	2	5	1	1	-1	2	
5	-2	-5	-8	2	4	-1	2	4	-1	0	5	-5	-4	0	2	
1	-1	0	-7	-11	2	-2	-1	2	0	-2	2	-2	-7	-4	3	
-4	0	2	0	-4	-8	-6	-2	0	-1	-3	-1	0	-6	-16	-2	
-6	-7	3	-4	-3	-1	-4	-7	-4	-1	-2	-1	1	-10	-23	-19	
-3	-2	0	-5	-7	0	0	-3	-7	-3	1	-3	-3	-9	0	4	
-1	2	6	1	-5	1	7	5	2	-8	-5	0	-1	-1	4	8	
0	4	3	-2	-2	3	6	7	2	-2	-5	-5	-2	-2	1	0	
1	0	-2	-4	-4	3	2	-5	-3	-8	-2	5	2	-2	5	4	
-1	-3	-3	1	6	0	-2	-5	-9	-14	-2	6	3	-6	-2	4	
Number of Zeroes=31
-------------------------------------------

Current block= 144,64 -->Match Position= 147,67

Minimal Error=4085
0	3	2	8	4	2	2	4	-11	-15	7	4	2	11	10	-5	
0	-2	3	5	3	1	2	2	7	2	-2	-3	-1	-2	0	4	
0	-2	-1	4	2	2	3	2	3	2	-3	-6	3	-2	1	0	
2	1	1	0	4	2	4	0	0	-1	0	-1	0	1	-9	3	
1	1	2	0	3	4	2	5	3	0	-2	-4	-4	2	0	-6	
0	0	1	-2	0	4	2	4	4	-1	-2	0	-1	-4	-2	-9	
-2	0	1	1	0	0	2	0	4	0	-1	-1	2	-1	-4	-5	
3	-1	0	-3	0	3	2	0	2	3	-5	-3	2	0	0	-3	
5	-2	-4	-6	-1	3	0	1	1	1	-3	-7	5	-1	1	-1	
8	0	-6	-8	-4	-1	-1	-1	4	-2	0	-2	-3	-3	-1	-1	
1	0	4	-1	-1	1	1	2	3	1	0	-1	-2	-4	0	-3	
2	-7	-3	-6	-3	1	6	5	3	4	3	-3	-2	-2	0	-5	
-2	-6	-8	-11	-3	1	0	5	4	8	4	-2	-2	0	5	1	
6	0	-8	-8	-4	-4	-10	6	4	4	3	13	0	1	8	-1	
7	-2	-7	-5	-5	1	11	4	4	2	2	10	1	0	-2	1	
7	3	-4	-8	0	-2	3	7	8	7	2	3	0	0	0	-1	
Number of Zeroes=43
-------------------------------------------

Current block= 160,64 -->Match Position= 157,62

Minimal Error=6904
9	1	-2	4	1	-1	2	2	6	5	1	1	0	-1	-6	-4	
1	1	-7	-2	1	-1	-1	1	0	1	4	0	0	-4	-8	0	
-22	-10	-17	-4	3	2	-3	0	0	-2	5	1	-1	0	-2	1	
0	-5	-1	-1	0	3	0	-1	2	2	4	5	1	-1	2	4	
4	1	5	4	12	17	1	1	0	1	2	7	3	-1	1	3	
2	3	-4	5	4	-1	0	0	1	1	2	5	5	1	0	-1	
-6	2	-1	-4	-2	-4	6	-8	-2	5	4	6	3	1	-3	-5	
-1	-1	8	1	1	-1	-6	-7	-2	3	5	3	3	-1	-6	-4	
2	6	3	8	-4	2	-6	-5	-3	1	6	-1	0	-1	-1	0	
1	2	5	5	-3	0	-5	-1	-3	-2	8	-2	-2	-8	-25	-3	
0	1	2	-2	-4	2	-3	-2	3	3	-3	-1	-2	-2	-12	-2	
-2	1	-1	0	-2	-2	17	2	2	6	4	-3	-2	-4	-8	-10	
1	1	3	1	2	-4	7	13	11	4	2	0	2	-6	-3	0	
3	1	8	2	3	0	0	-1	4	10	-2	-7	3	12	5	-4	
1	2	1	-6	-1	1	-1	-3	-1	2	19	8	3	7	4	-6	
2	-8	-1	-10	-2	-2	-3	-3	-3	-6	1	18	14	6	-5	5	
Number of Zeroes=24
-------------------------------------------

Current block= 0,80 -->Match Position= 0,80

Minimal Error=1383
-2	-3	-1	1	-1	2	2	2	1	1	2	-2	-4	-1	-1	2	
-1	0	-1	1	1	1	0	0	2	-1	0	7	2	2	3	0	
0	-1	0	-2	-1	0	-4	-1	1	1	-2	-1	4	1	2	3	
0	0	1	0	-1	3	4	0	-2	-1	0	-5	-1	-1	3	2	
1	2	1	-1	-1	0	-3	2	1	0	6	2	-1	0	1	0	
1	0	-2	-1	-2	0	-5	-1	0	0	0	2	0	-1	0	0	
2	1	0	5	0	8	4	1	2	-1	2	2	1	-1	-1	-2	
-1	1	-1	1	3	0	3	1	3	-3	-8	0	-2	2	1	-1	
1	2	1	-1	0	0	2	2	-2	10	-3	-3	0	-1	2	0	
0	1	2	0	1	1	0	0	1	3	7	-2	1	-1	1	2	
1	0	-1	2	-2	1	-1	1	0	0	1	4	-5	-5	1	0	
-2	-1	-1	4	1	1	0	1	2	-1	1	6	4	-5	2	2	
-2	-2	1	2	3	1	1	-1	0	2	2	5	5	-1	-1	-1	
1	0	-1	-1	2	-1	2	1	-4	-2	0	4	0	0	0	1	
-1	1	2	-5	0	-6	-1	2	1	3	0	0	2	1	-2	2	
2	-1	2	2	7	3	-4	-1	-3	3	0	0	-4	1	0	-2	
Number of Zeroes=54
-------------------------------------------

Current block= 16,80 -->Match Position= 16,81

Minimal Error=2849
4	4	2	-1	-1	2	-1	-7	-5	0	-1	-3	-1	1	0	-4	
-3	-6	-1	-4	0	-3	0	-2	-7	-2	-7	-5	-3	-3	1	5	
-2	0	-1	2	4	6	-1	0	-7	2	3	1	-1	-3	-2	-5	
3	-2	-1	-4	-1	-5	-4	-1	1	-9	-11	-3	-4	-5	0	-2	
3	8	12	4	-3	-3	0	0	9	1	-3	0	1	-2	-1	-4	
-3	-2	-2	-9	1	2	3	2	-9	-6	-7	-3	-2	2	1	0	
-3	-3	-2	-5	0	3	3	2	2	1	-1	-7	-3	0	-5	0	
3	1	-1	-2	-2	-9	-9	-5	-1	-1	2	2	-2	6	-3	-1	
0	4	4	0	2	2	-1	-3	-3	4	-1	3	-2	-6	-1	-1	
0	0	-1	-1	0	0	-2	-1	-1	-3	-2	-1	-8	-11	-5	-2	
0	-1	-1	-1	-3	-4	-1	3	-1	-1	-4	-2	-3	-2	-7	-1	
-3	-2	-1	-2	-2	-2	-1	0	-1	1	-2	-4	-4	-1	-8	-6	
0	2	-1	-1	2	1	0	-3	1	0	3	0	1	-1	-1	-4	
1	0	0	-1	-1	-1	-2	0	0	0	-1	-2	-1	0	-1	-5	
-2	1	0	-2	-1	1	1	-1	-1	1	3	-1	1	0	-1	0	
-1	1	-3	0	-1	1	1	-2	1	4	8	4	-2	-1	0	1	
Number of Zeroes=37
-------------------------------------------

Current block= 32,80 -->Match Position= 32,80

Minimal Error=3581
1	2	2	2	6	8	3	7	10	4	-4	-6	-6	-3	-3	-2	
1	3	3	2	0	-2	6	8	5	6	7	4	-2	-4	-6	-6	
-1	3	0	-2	5	-3	0	3	6	5	5	6	11	6	-2	-5	
1	2	6	4	2	2	1	-1	0	3	7	7	6	5	8	6	
1	1	1	7	-1	2	5	7	0	3	1	3	6	7	4	5	
2	3	2	1	0	2	2	4	3	2	3	-3	2	3	6	7	
-2	2	2	3	1	2	1	0	1	1	3	2	0	1	1	4	
5	1	1	2	1	1	1	3	2	3	3	2	2	-1	2	1	
3	2	1	2	2	0	2	1	3	1	3	1	3	1	2	1	
1	1	-1	-1	1	1	3	-2	4	0	2	2	1	4	2	2	
0	1	6	0	-1	-1	4	4	2	6	3	3	1	3	2	1	
2	-1	-3	0	0	-2	0	1	4	2	2	3	1	0	2	4	
4	4	6	3	3	4	3	2	-6	0	1	1	1	0	1	3	
13	4	3	3	1	3	0	6	1	-1	2	2	1	1	1	0	
18	9	2	2	2	2	1	4	2	0	2	3	3	2	2	-1	
3	16	1	0	2	2	1	0	2	1	2	1	-1	1	4	4	
Number of Zeroes=23
-------------------------------------------

Current block= 48,80 -->Match Position= 47,80

Minimal Error=5919
0	3	0	-2	0	0	-1	-4	-1	-1	-17	-3	-4	1	14	-3	
1	0	1	1	0	0	1	1	-1	0	-11	-6	-3	-10	6	5	
2	-2	-1	-1	0	1	-1	0	-2	0	-4	-21	1	-5	4	4	
-1	-1	-2	-2	-1	0	-2	-1	1	-3	0	-24	-9	4	5	5	
-1	0	-1	0	1	1	0	0	-2	-4	2	-13	-21	5	1	0	
0	-1	-1	0	-1	-2	-2	-1	-5	-2	1	3	-26	-2	0	0	
-2	-3	0	0	-1	-10	0	6	-9	-2	-2	3	-16	-16	-1	2	
-3	-4	2	0	1	-5	-10	8	-3	-2	-3	3	1	-14	-10	0	
-2	-5	1	2	0	-3	-5	-4	4	-2	1	1	4	2	-5	-10	
0	-1	-1	2	0	-4	1	-6	-4	0	5	3	2	3	2	-10	
-3	-2	-1	-5	0	-2	-1	-2	0	-3	0	5	4	0	5	-8	
0	0	0	-1	1	-4	0	-1	4	0	2	1	2	2	2	-6	
-2	-1	0	-2	0	-2	0	0	3	4	-1	2	1	0	3	-1	
-1	-1	0	-1	1	0	2	0	1	4	2	1	1	3	3	1	
-2	-4	2	0	-2	-2	2	0	1	1	2	3	4	3	1	3	
-7	6	-2	-2	-1	-2	0	0	1	0	3	2	1	3	2	2	
Number of Zeroes=53
-------------------------------------------

Current block= 64,80 -->Match Position= 63,80

Minimal Error=10944
-2	-4	-3	-2	-1	2	0	1	7	9	2	-1	1	3	1	2	
1	-3	1	-3	-2	0	0	1	1	6	3	-1	1	2	2	1	
0	-2	2	-1	-4	0	0	2	3	5	5	2	2	1	3	2	
1	0	2	1	-5	0	3	3	3	9	9	1	2	2	3	3	
6	1	0	1	-3	1	-1	3	5	6	10	6	3	3	2	2	
8	-4	-4	2	-2	-1	1	5	5	6	12	12	7	3	4	2	
10	-9	-7	6	1	-1	1	1	2	2	11	14	15	11	4	1	
8	-8	-13	3	5	-2	-1	-1	2	5	5	10	12	13	5	-1	
-8	-3	-14	-2	4	-1	-1	0	2	5	1	4	4	8	5	-5	
-15	-2	-9	-2	4	3	-1	2	1	2	2	3	5	10	23	23	
-19	0	-5	-2	0	1	-1	0	-1	-2	2	2	4	4	13	29	
-26	0	-1	-4	1	2	-3	0	0	-3	0	2	4	4	0	0	
-28	0	2	-5	-3	5	1	-1	0	-2	-1	1	2	1	3	0	
-29	0	5	-1	-7	1	4	-3	1	3	0	-1	-1	2	2	1	
-26	-3	5	0	-4	-1	4	-3	-2	2	2	4	2	-1	-3	0	
-27	-5	7	1	-3	-6	4	0	-2	0	1	3	0	-1	-1	-3	
Number of Zeroes=29
-------------------------------------------

Current block= 80,80 -->Match Position= 79,80

Minimal Error=20403
2	3	3	2	3	5	4	8	7	7	10	1	-2	-2	0	-2	
2	3	3	1	2	2	3	4	3	0	2	-2	-2	-2	-1	-4	
1	0	3	2	2	2	3	3	2	1	1	-1	-2	-2	-2	1	
3	2	4	5	3	3	5	10	4	0	-2	-2	0	0	2	1	
3	2	2	4	11	20	25	27	21	10	6	2	-1	-1	4	1	
0	2	4	6	12	3	-4	-9	-4	7	7	10	10	8	5	4	
1	2	2	-2	-4	0	0	1	-1	-2	-4	-4	-3	0	-3	-2	
-6	-6	-4	-7	-8	-10	-8	-6	-1	6	6	-2	-2	-4	-1	-3	
-7	-10	-4	11	19	13	10	5	-1	-8	-6	-5	-6	-3	-3	-2	
26	36	39	26	19	20	21	30	29	31	27	16	12	6	3	3	
28	16	1	-4	-5	-8	-7	-4	-3	5	10	20	28	25	20	18	
0	-1	1	0	-2	-3	-4	-8	-5	-5	-2	4	-2	2	4	7	
1	5	4	3	5	4	4	2	-2	-6	-8	-14	-11	-9	-8	-6	
-1	0	2	1	-4	-5	-7	-6	-8	-3	-5	-5	-6	-4	-2	-2	
-2	0	0	0	2	3	3	-2	-4	-7	-8	-6	-5	-4	-5	-4	
-2	-3	-6	-1	-2	-1	2	1	2	0	1	1	1	1	2	3	
Number of Zeroes=17
-------------------------------------------

Current block= 96,80 -->Match Position= 95,80

Minimal Error=5768
-10	-1	7	4	0	-1	0	3	2	0	-1	0	1	1	0	-1	
1	5	4	4	1	2	2	3	3	2	-1	-3	-1	2	1	1	
4	3	1	1	1	2	1	1	3	3	1	-1	-1	2	1	-1	
2	2	1	0	1	2	2	0	1	2	2	0	0	2	1	0	
2	4	2	2	1	0	1	1	3	2	2	2	-1	0	-1	-1	
2	0	2	3	12	7	1	1	3	2	3	2	-1	-1	0	0	
-1	0	1	4	14	19	9	-1	1	3	1	1	1	0	-1	-1	
-3	-3	-2	-1	-2	5	12	2	2	3	0	2	0	-1	0	0	
-2	-1	-3	-6	-8	-8	1	12	11	5	1	2	2	0	-1	0	
5	-1	-7	-7	-3	-2	5	10	12	15	7	1	2	1	0	1	
17	17	22	15	3	-2	-2	1	5	9	13	3	1	-1	1	0	
7	8	3	5	14	8	-4	-3	-1	3	7	7	0	1	1	1	
-4	-5	-4	-2	-2	6	13	10	4	0	1	10	3	0	0	-1	
-2	1	2	-2	0	-2	2	8	5	2	1	7	8	1	0	-2	
-5	-2	-1	-1	0	1	-1	1	2	2	3	2	5	2	-1	1	
3	4	4	3	2	0	0	0	1	3	1	1	3	2	-1	5	
Number of Zeroes=35
-------------------------------------------

Current block= 112,80 -->Match Position= 111,80

Minimal Error=4730
1	1	0	9	-8	14	-2	2	2	0	-1	0	2	-2	-2	0	
-1	-2	0	2	5	11	0	-2	2	2	0	0	2	1	0	-1	
0	-1	0	-1	12	4	-1	0	4	1	-4	0	2	-4	-2	1	
2	2	-4	4	9	-4	-1	3	0	-3	-2	-1	-1	-2	1	0	
1	1	2	10	8	2	3	1	-6	-9	4	0	-3	1	2	2	
0	-1	3	18	5	3	1	-1	-3	2	10	0	-1	-1	3	2	
1	-3	8	21	7	3	1	-1	2	-1	-3	-2	-1	-2	1	-1	
-1	-3	17	14	3	-2	-6	-9	-4	-4	-5	-5	-5	-7	2	12	
0	-2	17	4	-3	-9	-1	0	1	1	0	0	2	-2	3	5	
0	6	13	0	-3	3	3	0	1	2	-2	2	0	6	2	-3	
1	8	10	0	-1	1	-1	-2	-2	-2	1	2	-1	3	3	-5	
6	9	2	1	1	2	-2	1	1	-2	-2	1	0	3	0	-1	
8	1	-2	0	-1	1	-2	2	-1	-6	-2	1	-3	0	3	-2	
3	0	1	-2	0	0	0	2	1	-4	0	-2	-1	-1	4	-3	
6	3	0	1	-2	1	2	1	0	0	0	0	3	1	0	2	
2	2	3	2	0	-1	-2	3	-1	-2	-1	-1	-2	-2	0	2	
Number of Zeroes=44
-------------------------------------------

Current block= 128,80 -->Match Position= 127,80

Minimal Error=3046
1	-1	1	0	-1	-2	1	-2	-3	5	5	6	-3	-2	2	14	
-1	-3	0	0	0	0	-1	-2	1	1	-1	5	6	-2	-2	-2	
-2	0	1	1	1	-2	0	0	-1	2	2	-5	1	9	2	-2	
-1	2	2	2	0	0	-4	-2	-2	4	2	-2	1	2	4	7	
3	1	1	0	-3	-1	-2	-2	0	3	1	2	-2	1	3	4	
-1	-1	0	0	0	-3	-2	0	0	0	-1	-1	-1	0	-2	1	
0	1	1	0	-1	0	-2	1	1	0	0	-3	1	2	0	-1	
1	-2	-4	-2	-5	0	-1	0	0	1	1	-2	0	-2	-2	1	
-2	-6	-12	-2	-2	7	0	-1	1	-1	0	-1	-3	0	-1	2	
-4	-3	0	-1	11	14	0	3	0	3	3	2	-2	1	0	-1	
-1	-1	1	6	15	2	-2	-3	-6	-7	-5	-2	-6	-4	-1	-3	
-3	1	6	9	1	-7	-9	-5	-5	3	1	4	-5	-3	6	5	
1	6	3	0	-8	-8	-5	1	-1	1	0	-3	-3	2	1	-4	
4	4	-3	-7	-2	2	-1	1	-2	0	0	-2	2	5	-6	-2	
6	-1	-8	-3	1	2	-1	0	-2	2	1	0	3	6	-1	-3	
0	-5	-4	0	1	0	1	-1	-1	3	-2	1	3	1	1	-2	
Number of Zeroes=45
-------------------------------------------

Current block= 144,80 -->Match Position= 142,79

Minimal Error=4470
-5	-1	-3	-5	0	8	4	3	-1	-5	-2	-4	-3	1	-13	-5	
-8	-8	-4	-6	0	10	3	0	1	-10	-5	-3	-1	1	-3	-1	
0	-1	-5	-5	1	8	2	-2	0	0	0	5	-4	1	-1	-2	
5	2	-2	0	-1	10	4	-2	1	5	-3	-1	-2	0	1	-7	
4	1	0	2	-4	-3	3	-1	-2	2	1	-2	-4	-5	0	0	
2	1	-2	4	0	-2	-2	0	-1	0	0	-10	-4	-1	1	3	
4	1	-1	-5	2	1	-1	-3	-2	1	-3	-6	-3	3	2	2	
1	-1	-4	-6	-7	-4	-5	-3	-1	-5	-2	-2	-2	0	-3	-3	
2	1	-2	0	-2	-5	-8	-1	4	-2	-2	-3	-4	-4	-4	-2	
-1	0	-1	1	0	0	2	-8	2	1	3	0	-6	0	1	4	
-2	0	1	1	5	1	5	1	-3	-1	0	0	-2	-1	6	5	
-7	-5	0	1	4	0	-1	2	-1	-1	0	-2	-1	0	0	0	
-9	-8	2	2	0	2	3	3	-1	-3	-1	-4	-1	2	6	3	
-6	2	14	12	2	4	3	-3	-5	-3	-1	0	4	6	11	3	
-3	6	17	15	5	-4	-3	-3	-3	-1	3	1	7	5	-2	-5	
-4	3	9	10	0	-2	-5	-1	-3	-3	-4	-3	-2	1	-10	-8	
Number of Zeroes=35
-------------------------------------------

Current block= 160,80 -->Match Position= 158,79

Minimal Error=3557
-1	-7	-2	6	3	9	-4	-1	0	-1	1	1	-8	-15	-8	1	
15	1	2	9	2	1	1	0	1	1	-3	-1	3	0	-16	-5	
8	2	2	0	2	1	-2	-3	2	0	-1	-3	1	3	-9	2	
2	1	1	2	3	-2	1	1	-2	0	-1	2	5	1	0	5	
-1	5	0	0	3	0	0	1	-8	1	0	2	-1	-1	2	3	
-1	0	1	0	3	0	-1	-6	-1	6	9	1	0	0	1	-1	
-2	2	5	1	0	2	-2	-3	-2	5	-1	1	-5	0	2	1	
-8	-2	-4	1	3	1	0	1	2	8	1	2	-1	-2	3	2	
-3	0	2	3	5	0	-5	-2	-1	1	1	0	1	-4	3	5	
2	4	3	0	8	1	4	2	-3	-4	-4	-1	1	-1	1	3	
1	-2	2	1	3	1	0	-2	-2	1	2	3	-1	0	0	3	
-4	-5	-2	1	3	-1	-2	-4	0	1	7	2	-1	2	1	2	
-7	-6	-1	2	6	-1	-1	-4	0	4	3	1	0	-1	2	1	
-5	-8	-5	-6	4	0	-2	0	-2	6	-2	-1	1	-6	-6	-3	
-7	-2	-1	-3	-6	-3	-5	-3	-4	0	-1	-14	-2	-5	-2	5	
-6	-1	1	5	-1	-2	4	0	0	1	1	-1	-2	6	2	5	
Number of Zeroes=35
-------------------------------------------

Current block= 0,96 -->Match Position= 0,96

Minimal Error=1566
0	-1	-4	1	-2	0	1	1	1	2	1	0	1	-1	-1	-3	
-1	-3	-2	0	1	-1	-1	1	-1	0	2	1	1	1	3	1	
1	-1	0	1	0	-2	-5	0	2	-1	-1	-1	-4	1	0	0	
-1	-1	-3	-3	-1	8	-3	0	-2	1	1	4	0	1	1	-1	
-1	-1	1	1	-1	0	1	-8	2	-2	1	1	-1	0	1	-1	
-1	0	-5	2	0	-3	7	4	0	-1	-1	2	-2	2	-1	1	
-1	3	-1	-1	2	0	-2	0	-2	0	2	1	-2	-1	0	1	
2	2	1	-8	-5	0	-1	-1	1	0	-1	-1	2	-1	2	0	
3	-1	5	12	-1	2	2	-1	-3	-2	0	1	1	1	-2	-2	
-2	-6	-11	3	3	2	0	-1	4	-3	-1	0	-1	1	3	-4	
0	1	-11	-3	-2	1	2	-3	-2	3	-2	1	-1	-2	9	0	
1	4	3	0	-1	1	1	2	2	1	-1	0	0	0	-2	-2	
0	1	-2	0	0	-1	-3	-1	1	0	2	1	0	1	0	-1	
0	3	3	0	1	3	2	-1	1	-1	-3	0	-1	-1	3	0	
1	0	2	2	-4	-1	0	0	1	1	3	1	3	0	-5	3	
-2	0	-1	0	0	0	-1	-3	-1	-2	0	0	0	6	2	0	
Number of Zeroes=55
-------------------------------------------

Current block= 16,96 -->Match Position= 16,96

Minimal Error=1156
-1	-2	0	-3	0	1	-2	-2	2	4	-1	-5	-1	1	-1	1	
3	-2	0	2	1	1	-1	3	2	6	2	4	1	-1	-1	-1	
4	3	0	-1	1	3	-1	-1	0	4	0	-2	5	0	1	0	
-1	1	2	1	1	0	-1	1	1	3	1	-5	2	1	1	0	
0	-1	-1	0	-1	-1	2	0	-2	3	9	1	-1	0	2	1	
0	-1	-1	0	0	-14	2	0	1	-1	1	1	1	0	-1	2	
0	0	1	-1	13	4	1	2	0	2	0	4	3	0	0	-2	
3	-1	-1	1	-2	0	-1	0	2	1	1	1	0	2	-1	1	
0	2	0	0	-1	-1	0	-2	0	1	-1	2	0	1	1	0	
1	1	2	1	2	-2	-3	1	-2	-1	3	2	2	-1	2	1	
2	0	1	1	0	1	-1	-1	0	-1	2	3	3	1	0	3	
0	0	0	-1	2	0	1	0	2	-1	1	1	1	0	2	-1	
0	-1	0	0	-1	1	1	0	3	1	0	0	0	-1	2	2	
-2	1	2	0	-2	-1	0	-1	0	0	2	1	0	2	2	2	
1	2	1	2	1	1	0	-1	0	-3	1	-4	-3	1	0	0	
0	-1	-1	0	1	0	0	1	2	2	5	3	0	-1	0	0	
Number of Zeroes=68
-------------------------------------------

Current block= 32,96 -->Match Position= 32,97

Minimal Error=2361
2	0	1	-2	-2	-2	-1	-1	1	5	3	-3	-1	-1	4	7	
0	0	-4	-12	0	0	-2	0	-1	-2	-9	-5	-3	1	1	-2	
-3	-3	-10	-11	1	-1	1	-1	-1	1	-4	-4	-2	0	-5	-3	
1	3	0	1	-4	-1	0	1	2	2	-4	-1	0	-2	-2	2	
3	3	1	-2	-6	-3	0	2	0	-2	-2	0	0	0	-3	-4	
3	0	2	2	0	-9	-3	-3	-3	2	-2	0	1	2	2	-2	
1	-4	-6	-6	1	-3	-4	-2	-2	-5	-2	1	2	1	3	1	
-2	-4	-5	-1	-2	-1	-5	-5	1	-4	-2	-1	-1	-1	-2	0	
4	3	3	3	-2	0	0	-5	-2	-1	-1	0	0	0	1	-1	
0	-1	5	-4	-1	-1	-2	-5	-10	-1	-2	-1	-5	-3	-1	-3	
5	-3	-5	-5	1	3	-1	4	-1	-4	-2	-2	0	3	1	2	
1	-5	1	-2	1	2	0	2	-1	-7	-1	-1	1	0	-2	-4	
0	-6	2	4	5	-5	1	-1	1	-3	-5	1	1	4	-1	-3	
-3	-1	-2	-2	-3	-1	0	1	-2	3	-4	-3	1	-3	-4	3	
3	1	1	0	-3	1	3	-2	-2	0	-2	-6	-4	1	1	-1	
-1	-2	0	1	2	2	2	-1	0	0	2	-1	-8	-2	-1	-2	
Number of Zeroes=35
-------------------------------------------

Current block= 48,96 -->Match Position= 47,96

Minimal Error=3220
-4	7	-2	-2	0	-2	2	1	2	1	1	2	1	1	2	-8	
2	3	0	1	3	-1	1	0	0	1	0	0	-2	1	2	-17	
2	3	0	1	1	-1	0	1	1	0	1	-1	0	-1	0	-20	
1	2	1	-1	1	-3	0	-1	1	4	2	0	0	1	-4	-17	
1	1	0	-1	-5	-2	2	-2	1	-1	2	1	0	2	-10	-13	
2	3	-1	0	-2	-8	3	1	0	-1	1	0	2	-2	-7	-11	
-1	0	-2	-2	-3	-1	-1	0	1	1	1	0	-2	-5	-7	-9	
1	1	-2	1	1	-2	-4	8	1	0	1	1	-5	-4	-2	-10	
-2	5	-5	2	0	0	-1	2	1	1	-1	0	-5	0	3	-10	
-2	4	-3	4	-1	-2	0	1	3	0	-3	-2	-2	1	2	-10	
-1	1	-2	-1	1	-2	0	1	1	-3	-2	-13	3	3	1	-5	
3	1	-1	0	0	0	-1	2	1	-4	2	-5	2	4	0	-2	
3	-2	-1	1	-1	-1	-2	0	0	0	0	-1	-2	3	4	2	
-2	-5	-2	2	0	-1	-2	-1	-1	0	-2	-1	1	0	1	-1	
3	-3	3	4	0	-1	-1	0	-1	0	0	-1	-1	-1	0	-1	
1	0	2	0	-1	0	0	-1	-7	6	1	-2	0	1	-2	-2	
Number of Zeroes=51
-------------------------------------------

Current block= 64,96 -->Match Position= 63,96

Minimal Error=18091
-14	-1	9	-3	-2	-5	0	2	-1	-3	-1	-1	2	1	1	0	
-3	-7	14	-3	-5	-4	-2	2	-2	-2	-1	0	4	4	2	-3	
4	-4	11	9	-12	-4	-4	2	1	-2	-1	1	2	3	3	-1	
7	-5	8	22	-10	-6	-7	-1	0	-3	-4	0	0	2	1	-2	
7	-6	3	22	10	-14	-4	-3	1	0	-2	-1	0	-1	-1	2	
5	-2	-3	12	25	-12	-6	-4	-1	2	-3	-1	-1	1	1	2	
3	2	-15	1	24	15	-14	-1	0	-2	-2	-3	-1	-2	-1	2	
2	6	3	-26	7	31	-2	-11	-3	-1	-3	-6	-5	-2	1	3	
2	3	15	-17	-18	18	31	-8	-7	-4	-3	-4	-3	-1	-1	-3	
-2	2	13	5	-29	-16	22	33	6	5	-3	-3	-5	-7	-3	-1	
-8	0	10	4	-3	-28	-17	-4	-2	15	10	-5	-4	-4	-5	-5	
-6	2	10	3	4	-2	-9	-7	-10	-18	19	-2	-4	-2	-6	-4	
-3	-1	10	4	2	0	-1	-5	3	-4	-9	19	-4	-4	-5	-7	
-3	-1	7	4	3	1	1	-2	-4	-4	-5	-3	22	-5	-2	-5	
-6	0	2	5	3	0	0	-2	0	-1	-5	-5	-3	22	-3	-2	
5	3	1	3	3	6	3	0	0	0	-1	-7	-8	-4	22	-2	
Number of Zeroes=18
-------------------------------------------

Current block= 80,96 -->Match Position= 79,96

Minimal Error=3466
0	-1	0	-1	1	1	0	0	3	-1	1	1	1	2	1	0	
-1	1	5	3	3	2	3	4	3	7	3	1	2	2	1	6	
0	-1	1	2	2	5	5	4	5	3	4	6	8	7	8	8	
0	1	1	2	7	4	2	5	7	8	10	11	8	7	6	4	
-2	-2	2	3	2	4	10	9	9	7	4	4	4	8	10	8	
1	3	-1	0	1	2	-2	0	1	2	1	3	4	2	3	1	
1	1	3	1	-1	-1	-3	-3	-1	-2	-2	1	-1	-1	1	-1	
3	2	0	-1	-2	-1	0	-1	-2	1	-2	0	2	2	1	0	
-5	-2	-3	-1	-1	-2	2	1	0	-5	0	1	-1	1	-1	-2	
-2	-3	0	3	-2	1	-2	-1	0	-2	-1	-3	-2	-3	-2	-2	
-2	-3	-5	-6	-1	1	-3	-2	-2	1	-1	4	2	-1	-3	0	
-5	-1	0	-2	0	-3	-3	-1	1	1	3	3	2	2	2	-1	
-7	-2	-2	-2	-4	-4	-2	-1	-2	-2	-1	-3	-1	-2	0	-2	
-7	-5	-5	-2	-3	-6	-3	-4	-4	-3	-4	-2	-1	-1	-3	-2	
-3	-6	-5	-3	-3	-2	-7	-4	-3	-4	-5	-6	-8	-5	-5	-6	
-4	-5	-8	-6	-5	-3	-2	-2	-4	-4	-3	-6	-6	-6	-6	-5	
Number of Zeroes=21
-------------------------------------------

Current block= 96,96 -->Match Position= 95,96

Minimal Error=2362
3	3	2	4	-1	1	-1	-1	0	1	0	1	1	1	0	5	
5	3	5	1	-1	0	-1	1	0	1	1	0	1	0	-1	6	
5	2	1	4	2	-1	0	1	2	0	1	-1	1	-2	0	4	
2	2	2	2	1	-2	0	0	-1	0	0	0	0	-2	2	6	
3	6	2	4	2	1	1	0	2	0	-1	0	0	0	4	4	
3	4	2	3	-1	2	2	2	-1	-1	-2	-1	-2	1	3	2	
2	-1	-2	-1	0	0	0	1	1	1	-1	-2	-1	2	0	2	
-2	-2	-1	2	2	1	1	-1	-2	-1	-1	-1	0	7	2	0	
-3	-2	-2	-3	1	0	0	-1	-1	-2	-1	-1	-1	9	2	3	
-1	-2	0	0	2	-1	-2	-1	-1	-3	-2	-1	-4	10	4	3	
-3	1	1	-1	-3	-2	-3	-2	-4	-2	0	0	-2	9	3	-3	
-2	5	-1	-1	-2	-1	-1	-2	-3	-1	0	-2	-1	9	2	0	
-3	-3	-4	-3	-4	-2	-1	-4	-2	1	0	0	-1	11	3	3	
-3	-3	-3	-1	-4	-5	-3	-1	-2	1	-1	-2	0	16	3	1	
-4	-4	-3	-2	-5	-3	-4	0	0	-1	-2	-2	1	14	-1	-1	
-6	-3	-2	-2	-3	-3	0	0	0	-1	-1	-1	1	14	2	0	
Number of Zeroes=44
-------------------------------------------

Current block= 112,96 -->Match Position= 112,96

Minimal Error=532
3	1	-1	1	0	-1	1	1	-1	1	0	0	3	0	-1	-2	
-1	0	1	0	1	0	2	0	-2	0	2	1	-1	3	1	2	
1	0	0	1	-2	-2	-2	1	0	-1	0	-1	-1	1	-2	1	
3	1	3	1	-2	-3	-1	1	0	-1	-1	0	0	1	-1	-3	
1	-1	0	0	0	0	1	0	-1	-2	0	-1	0	1	1	2	
0	1	-3	0	-1	0	-1	2	1	0	1	0	1	-2	1	1	
-1	0	-1	0	-2	-1	-1	0	1	2	1	-1	-2	0	0	-1	
-2	0	-1	-1	0	-1	0	0	0	0	-1	1	-2	-2	-3	-3	
3	0	0	0	0	0	1	0	-1	1	-1	-1	-3	-2	-1	-2	
1	2	1	-1	1	-1	-1	-2	-2	1	0	-1	0	-1	-2	-3	
-1	1	-1	1	1	0	1	-1	-2	-2	0	0	1	2	-1	-2	
-3	-2	0	1	0	2	2	0	-1	-2	-1	-2	-1	-2	0	-1	
-3	-3	0	0	-2	0	-1	-1	-2	-3	-1	0	-1	-2	-1	0	
0	1	0	1	-2	-1	-2	-3	-3	-3	-1	2	-2	1	0	1	
-2	-2	-2	-3	-2	2	1	0	-1	-2	-1	-1	-1	0	0	1	
0	1	1	-2	-2	1	1	1	-1	4	1	-1	1	1	-2	-2	
Number of Zeroes=66
-------------------------------------------

Current block= 128,96 -->Match Position= 128,96

Minimal Error=650
0	2	1	1	0	2	2	0	-1	-1	1	0	1	-1	-1	2	
1	1	1	2	2	1	0	0	1	-1	4	2	0	0	-1	3	
3	-1	-1	1	0	2	1	2	-2	0	0	4	2	3	0	2	
-1	1	0	0	-1	1	-1	0	-2	-1	2	-1	-1	-1	1	0	
1	1	1	1	2	2	1	3	2	-1	3	1	0	-3	1	3	
0	-1	0	1	1	0	1	-1	1	0	0	0	1	0	1	0	
2	0	0	2	0	-1	1	-1	-1	1	1	1	0	0	0	-1	
0	0	0	1	0	0	1	0	-1	-2	-1	0	1	1	1	1	
-2	-2	-1	-1	-1	0	-2	-1	1	-1	2	-1	1	-1	-1	0	
-3	-2	-3	-3	-4	-2	-1	0	-2	0	0	-3	-3	-1	-3	2	
-4	-2	0	1	-1	-2	1	-1	-2	-4	0	2	-1	-1	-2	-1	
-2	-1	0	2	-1	0	1	3	2	1	1	4	3	1	1	2	
0	-2	-1	-2	0	-1	0	1	1	1	0	-2	-2	-1	-2	-2	
0	-2	-2	0	-2	-1	-1	-1	-1	-2	1	1	-3	-2	1	0	
-1	0	-2	2	4	2	3	0	-2	-1	0	-1	0	-3	1	1	
1	1	-1	-4	-1	-1	1	0	-4	-3	3	2	0	-1	-1	1	
Number of Zeroes=60
-------------------------------------------

Current block= 144,96 -->Match Position= 144,96

Minimal Error=909
-1	-1	-2	1	-1	0	0	0	-1	2	1	0	0	-1	-1	1	
0	0	-5	-3	-4	-7	-7	-3	-1	2	1	1	1	1	0	0	
3	4	2	0	0	0	0	-1	-2	-1	0	5	2	-2	0	1	
-1	0	0	0	-1	-4	-1	0	0	0	-4	-4	3	0	-2	-1	
-2	0	1	1	0	-3	-5	-7	-6	-2	0	0	-1	0	0	1	
2	2	2	2	2	3	2	4	-1	-3	-1	0	0	2	0	1	
-1	-1	-1	2	1	2	0	1	3	-3	1	0	-1	0	1	0	
0	2	-1	-1	0	3	0	0	-3	-3	-1	2	-1	-1	2	0	
1	0	0	0	0	1	1	3	0	-3	-2	0	-1	-2	1	-1	
0	0	1	0	0	0	1	1	-1	-3	2	2	0	-1	-2	0	
0	-1	2	0	1	0	3	1	-1	-3	-1	-1	-1	2	3	-2	
2	1	1	-2	-3	1	1	0	1	0	-2	-1	0	3	4	4	
0	-1	0	1	-3	-1	2	-1	0	1	2	-1	-1	0	-1	-2	
0	-1	0	0	-1	-1	-1	-2	0	3	3	1	0	-1	0	-1	
2	3	2	1	3	1	0	0	0	1	2	2	3	1	2	0	
-2	-2	0	0	0	2	2	1	1	0	1	2	3	2	-2	0	
Number of Zeroes=78
-------------------------------------------

Current block= 160,96 -->Match Position= 159,96

Minimal Error=5797
-5	8	4	0	-4	1	17	6	3	2	-2	1	1	2	0	3	
-1	4	0	4	-1	-6	-3	14	18	4	0	2	1	-1	-1	1	
-1	5	-2	-1	7	4	-4	-4	6	17	11	0	3	4	-1	2	
0	1	1	0	1	8	2	1	-6	3	19	15	3	0	0	1	
-1	-1	-2	0	0	-4	-3	7	5	-1	-2	4	19	5	0	3	
-2	2	3	0	0	-3	-1	-2	5	5	1	-6	-1	16	14	4	
3	2	0	-3	-3	0	-2	3	2	3	3	3	-1	-2	14	18	
1	1	-2	-4	-4	0	1	1	0	0	-1	3	9	-4	-5	4	
-6	-2	4	-2	0	-3	-1	2	-2	2	0	-1	3	6	4	4	
1	2	4	-3	-1	-10	1	5	-1	1	-3	-2	1	3	2	6	
6	1	-3	4	-3	-2	-1	0	-1	0	-4	0	2	0	-2	6	
5	3	-4	1	-9	-11	-2	6	6	3	0	-1	2	-1	1	5	
1	-4	-1	-2	-7	-3	4	9	3	-4	-1	1	0	-3	-1	3	
4	-2	-1	-3	4	0	-4	0	0	1	2	4	0	0	-1	1	
1	-3	0	0	7	-3	-4	6	6	2	3	3	2	1	-1	2	
1	0	-3	-2	2	4	-6	4	1	1	1	-2	2	-1	-3	2	
Number of Zeroes=35
-------------------------------------------

Current block= 0,112 -->Match Position= 0,112

Minimal Error=807
-1	0	1	1	-2	-4	-1	0	3	1	1	-1	-1	2	3	-5	
0	2	1	1	2	0	-2	-4	1	2	1	1	0	1	4	-3	
2	-2	1	2	-2	4	4	3	0	-1	1	1	0	0	1	4	
0	0	-3	4	0	1	1	-1	1	2	2	0	2	-1	1	-1	
-2	0	-2	0	0	0	1	-3	0	-1	-2	1	0	0	1	2	
0	0	0	0	0	2	1	-2	0	-1	-2	-1	2	-3	0	0	
-1	-2	-2	-2	0	1	2	0	0	2	1	1	1	-1	0	0	
-1	0	3	1	-2	-1	-1	4	-1	1	1	1	1	0	2	0	
3	3	-1	-1	-1	1	0	0	1	-1	0	1	0	2	-2	-1	
0	1	2	-2	0	-1	1	0	0	-1	0	2	1	1	6	-1	
-2	-1	0	0	0	-1	-3	0	1	1	-4	-2	0	1	2	2	
-2	-2	-3	1	2	2	-1	-1	0	1	2	-1	-3	-2	1	0	
-1	-1	-2	1	0	1	1	5	-7	-1	-2	1	2	0	0	-2	
0	-2	-2	-3	-1	-2	-3	0	2	2	2	0	-1	-2	1	1	
-1	-2	0	0	1	1	0	0	-3	-3	0	-3	2	-2	-1	-4	
0	0	1	1	-2	1	0	2	0	0	1	-2	-1	0	3	-3	
Number of Zeroes=68
-------------------------------------------

Current block= 16,112 -->Match Position= 16,112

Minimal Error=2253
-2	-1	-1	-2	-1	0	-1	0	0	3	2	1	0	-3	0	2	
-4	-1	-2	3	2	2	1	2	-2	0	1	3	5	3	1	2	
0	-2	-1	-3	0	1	-2	-2	1	2	1	-1	-1	-1	1	0	
-1	1	-3	-5	-4	0	2	0	-3	-1	-1	1	-1	1	0	1	
0	-2	0	3	-3	-3	1	0	0	0	1	1	-2	1	-1	-2	
0	2	0	8	-1	1	-2	2	1	-2	-2	-4	0	2	5	-2	
3	-1	-1	2	1	-1	-1	-1	1	1	1	-1	0	1	1	3	
0	-3	2	0	-1	1	2	-1	-1	1	0	2	1	4	-2	1	
6	1	2	-2	0	3	-3	-1	0	1	0	0	-1	1	2	-2	
0	0	5	3	1	2	0	1	0	1	1	3	-1	0	3	2	
0	4	-3	1	3	2	1	1	-1	1	-3	1	-14	-4	-3	-1	
-1	3	3	4	-2	0	-1	2	1	1	0	5	10	-2	2	-1	
-2	1	1	2	1	0	1	0	-1	-3	-3	-4	1	-1	-2	-4	
0	-1	0	1	0	-1	-3	-3	-2	-4	-6	-14	-4	-3	-8	-6	
1	1	-1	0	3	3	2	4	1	0	1	1	1	0	-6	-6	
0	-3	0	0	4	-1	6	8	4	-6	-15	-11	-4	2	1	-6	
Number of Zeroes=47
-------------------------------------------

Current block= 32,112 -->Match Position= 32,112

Minimal Error=4914
0	1	0	-2	1	2	0	1	-2	1	2	0	15	6	2	3	
0	0	2	0	2	2	-1	1	-1	0	0	-1	5	12	3	3	
1	-1	1	1	2	5	-4	-1	-1	-1	2	-1	3	10	12	0	
-4	-4	0	-3	-3	-1	6	0	2	-2	2	1	2	0	13	7	
6	0	1	4	2	-1	0	-1	1	0	1	1	-1	0	4	12	
-1	0	0	2	-1	1	-4	-3	2	-1	3	3	1	1	1	5	
1	2	0	2	-1	1	3	0	0	0	2	-1	1	4	-1	1	
0	1	1	0	1	0	1	1	0	-2	1	1	0	2	8	2	
-2	0	1	0	-2	-1	0	1	1	-1	0	1	1	0	1	1	
1	4	1	3	0	0	-2	0	-1	0	1	-2	-9	0	0	0	
0	-1	-1	1	0	0	1	1	-1	-1	-2	15	-11	0	0	-1	
1	0	1	3	0	1	3	2	-1	-1	-1	4	7	-1	2	0	
-4	-1	-2	-4	-5	-6	-5	-4	-5	-1	-3	-1	0	-4	-9	7	
-5	-11	-8	1	-7	-5	-1	-6	-2	4	-5	2	0	-2	9	10	
1	-6	-5	6	1	-1	0	6	2	1	-2	-1	-6	11	18	10	
-7	-8	-1	-10	3	-7	-3	-6	-2	-2	-4	-5	14	15	13	15	
Number of Zeroes=51
-------------------------------------------

Current block= 48,112 -->Match Position= 47,112

Minimal Error=3505
2	-2	-1	1	-4	0	0	0	0	7	2	-1	-2	2	-6	-12	
-1	-1	1	0	-3	2	-2	0	-2	-1	0	-2	-1	-1	0	8	
-2	1	2	-2	0	-1	0	-1	0	-3	1	-3	1	-2	-4	0	
-1	1	-2	-2	0	0	-4	1	-1	-2	-1	-5	-1	-1	-2	-5	
-10	-1	-3	0	1	0	-1	2	0	0	0	-2	0	4	2	2	
-9	0	-1	-2	1	-1	-1	-1	-5	2	0	-2	1	7	8	10	
-3	-11	-2	-1	0	-1	-3	1	2	2	0	0	-3	-3	4	0	
1	-9	-6	0	0	-2	1	5	1	-4	0	7	2	-7	-1	1	
2	0	-12	-5	-1	-1	2	2	-2	-2	3	4	6	-1	-5	-3	
1	-2	-7	-12	0	-1	0	-1	0	-1	2	2	4	5	-6	5	
2	-1	-4	-8	-4	-4	0	3	-3	0	0	0	3	8	-1	2	
1	-3	-4	-4	-3	-5	-3	2	0	-4	-1	0	2	6	4	-4	
-1	0	1	-1	-1	0	1	1	6	-3	-4	-5	-3	4	5	-2	
-1	0	-1	-3	-2	-4	-2	1	4	4	3	0	-6	-4	6	1	
-2	0	1	-1	-1	1	-2	0	4	7	-13	1	4	-7	-1	0	
0	-2	-4	-1	-2	-3	0	1	0	6	12	-12	-7	7	-2	0	
Number of Zeroes=50
-------------------------------------------

Current block= 64,112 -->Match Position= 63,112

Minimal Error=7076
4	11	15	9	5	3	3	0	-2	0	3	-1	-4	-8	-5	25	
-4	-8	0	14	10	13	4	0	-1	-2	1	-1	-2	-5	-8	-5	
8	1	-4	5	2	6	12	10	4	-2	-1	0	-1	0	-3	-7	
-5	3	2	4	3	-1	0	4	12	11	6	-1	-2	-1	-2	-3	
-6	-6	-2	5	13	3	-1	0	1	4	11	13	7	1	-1	-2	
10	1	0	-3	6	11	4	3	1	-1	-4	3	7	10	8	10	
7	7	4	1	-1	12	6	5	6	-1	-2	-3	0	3	2	2	
2	7	8	4	-5	5	10	-1	1	4	7	3	0	-1	-1	-4	
-6	-5	2	2	1	2	10	2	1	2	2	0	8	8	8	4	
5	-2	-1	3	0	-3	9	6	0	1	2	1	10	5	8	3	
7	9	5	5	6	-2	0	8	10	10	8	1	3	8	3	3	
-1	-2	0	3	4	11	-2	2	3	4	-1	-3	-3	1	3	7	
-3	-4	0	1	-2	7	5	1	2	3	0	-5	-5	-3	2	-3	
2	-3	-2	-3	-1	2	0	3	2	6	6	4	2	1	2	1	
1	-1	0	-3	3	-2	-2	0	0	3	2	0	3	3	1	0	
0	2	2	-2	-5	0	-7	-7	-1	-1	-1	-2	-5	-7	-4	-1	
Number of Zeroes=26
-------------------------------------------

Current block= 80,112 -->Match Position= 79,112

Minimal Error=12380
2	-3	-6	-6	-5	-5	-3	-3	-3	-1	-3	-3	-4	-3	-3	-1	
22	0	-3	-4	-6	-8	-5	-4	-3	-2	-2	-1	-2	-1	-2	-3	
-4	22	0	-1	-3	-6	-4	-2	-2	-3	-3	-2	-4	-3	-3	-3	
-6	-2	21	0	-2	-3	-5	-2	-3	-3	-2	-2	-2	-5	-1	-1	
-4	-10	1	18	-4	-2	-3	-4	-1	1	1	1	0	0	-1	-1	
4	1	-12	12	7	-6	-4	-5	-5	-5	-5	-4	-3	-4	-4	-1	
7	11	16	12	32	26	19	16	15	14	9	0	0	2	3	4	
-3	-6	-8	-8	-6	-3	3	4	7	8	16	33	10	2	4	2	
2	3	2	2	4	2	-1	-4	-8	2	-11	-6	30	9	2	2	
1	2	1	4	4	4	2	10	8	-1	13	-12	0	25	5	1	
-2	-1	1	-1	1	0	-3	-3	1	-2	4	-4	-11	6	12	1	
8	4	3	1	0	4	3	3	2	-2	-1	-1	-8	0	13	2	
2	1	-1	-2	-2	0	1	1	1	1	2	4	-6	-6	10	5	
-3	-2	-4	-4	0	0	1	-1	-1	-2	-2	8	-3	-6	7	6	
3	2	2	1	1	1	0	0	1	0	-3	3	3	-5	4	6	
1	5	6	3	0	0	0	-1	1	2	1	0	5	-6	-1	7	
Number of Zeroes=21
-------------------------------------------

Current block= 96,112 -->Match Position= 95,112

Minimal Error=2249
-3	-3	-3	-4	-2	-1	-1	1	-1	-1	-1	1	2	16	2	-2	
-4	-5	-2	-2	-1	-2	2	0	0	0	-1	0	2	12	1	3	
-1	-3	1	1	-1	3	1	1	0	0	0	-1	2	4	-7	-11	
0	2	0	1	3	1	-1	1	0	0	-2	-1	2	9	4	1	
-1	0	1	3	1	0	-1	0	1	0	0	2	4	11	0	1	
-2	1	2	3	1	0	0	1	0	0	0	0	5	9	-1	1	
4	3	1	1	1	2	1	2	1	1	1	1	7	8	-1	-1	
1	4	2	3	1	1	2	1	1	3	1	2	7	7	-1	-1	
2	3	3	3	3	2	2	1	1	1	1	2	8	5	0	-1	
1	2	2	1	2	1	1	0	1	2	0	3	9	4	1	1	
2	2	2	2	1	0	0	0	1	2	5	3	7	4	0	0	
1	2	2	1	0	-1	1	1	1	1	3	4	5	2	0	-2	
2	2	1	0	1	0	1	1	0	1	2	3	7	4	-2	-5	
0	1	0	-1	0	0	1	1	1	1	3	2	6	1	-2	3	
1	1	3	0	0	2	-1	1	1	3	1	3	4	1	4	3	
1	0	1	1	1	1	-1	-1	1	1	2	4	4	1	2	0	
Number of Zeroes=44
-------------------------------------------

Current block= 112,112 -->Match Position= 111,112

Minimal Error=18433
-3	0	1	0	1	-1	3	5	3	3	-2	1	4	1	3	0	
1	1	0	1	-1	-1	1	2	0	-2	-1	1	2	0	-1	-3	
-9	0	1	3	1	2	1	-2	0	0	1	-1	0	-1	1	-2	
-4	-10	-6	1	3	1	-1	-1	1	1	2	2	0	2	0	-3	
3	2	-6	-10	-3	1	-1	1	-3	-4	-1	3	1	-1	1	3	
1	-1	3	-2	-10	-7	1	7	14	25	17	-3	2	0	2	-1	
0	-1	1	3	1	-5	-8	31	17	30	-12	7	3	12	1	1	
-1	0	0	-1	0	5	-3	-6	-3	27	-19	18	28	42	-64	-10	
0	1	2	0	1	2	5	-2	-4	-2	-1	37	24	0	-48	8	
1	1	-2	0	3	1	2	3	-1	0	3	-2	1	8	-6	1	
0	-2	0	-1	3	2	2	5	-3	-2	2	0	3	1	2	8	
-1	0	0	0	1	3	3	2	-4	-2	0	2	3	4	-3	-2	
0	6	3	2	1	1	-7	0	-4	-5	-2	1	6	4	1	2	
7	15	-1	0	2	1	3	1	-4	-4	-2	0	3	2	2	0	
1	-1	-3	0	-1	-2	-1	5	-3	-1	-6	6	-1	2	5	2	
2	-3	-3	0	-3	-1	0	3	-5	0	-8	3	6	2	3	-2	
Number of Zeroes=38
-------------------------------------------

Current block= 128,112 -->Match Position= 128,112

Minimal Error=20343
-2	-1	0	-1	0	-1	-1	0	-1	-2	-1	-4	1	-2	-1	-1	
1	-1	-1	-2	-1	3	2	1	-2	-2	2	1	-1	0	1	0	
-2	3	2	5	4	-2	1	4	3	0	0	-2	-2	-1	0	3	
-3	-1	-2	-4	3	5	0	3	2	2	0	1	2	0	0	0	
-1	-3	-3	-4	-5	-2	-1	0	0	2	0	1	-2	-1	-1	-1	
-4	-2	0	-1	-2	-3	-2	-1	-2	-2	0	2	0	-2	0	0	
-1	-1	-1	-1	0	0	-1	1	-1	0	1	3	5	-1	0	2	
0	-3	-3	1	-1	-2	-2	-2	-2	-2	0	1	3	4	-2	2	
24	12	-2	-6	-4	-2	1	-2	-3	-1	-2	0	-2	-1	-1	-2	
0	12	30	24	1	-4	-2	0	0	-3	-2	-3	-1	-1	-1	-2	
-18	-9	-5	17	21	23	11	1	-4	-1	-2	-3	-2	-4	-2	5	
-8	-26	-26	-1	-6	7	18	29	13	2	-1	1	12	19	12	14	
7	8	-12	-24	-20	-7	0	4	17	30	23	5	14	12	-8	-13	
0	4	6	5	-9	-29	-27	-10	9	9	6	-24	3	-4	-11	-10	
0	2	1	3	3	6	-3	-40	-44	-12	10	-16	4	10	2	-16	
2	3	1	1	-1	3	3	5	-3	-17	1	-13	3	-2	14	-11	
Number of Zeroes=34
-------------------------------------------

Current block= 144,112 -->Match Position= 144,112

Minimal Error=11922
0	2	1	0	2	1	-1	-1	-3	-1	-6	1	-1	3	1	-1	
0	-1	-3	-4	-4	-3	0	-1	-2	-1	3	2	2	2	0	0	
2	1	-2	-2	0	-4	-3	4	1	-1	-1	0	-1	1	0	0	
-1	1	2	1	1	-1	-1	-1	0	0	-2	2	-2	-4	-1	2	
-3	-2	-1	-1	1	-1	-3	1	-2	-1	-3	1	2	-1	-2	2	
3	-1	-3	-2	-1	1	-3	-2	1	3	0	3	4	3	1	-1	
-1	2	4	2	1	0	3	0	-2	2	-2	-2	-2	-4	5	13	
4	-1	4	1	1	1	2	3	0	-1	4	4	10	10	20	13	
1	0	1	0	-1	-2	-1	-1	9	25	29	13	8	-3	-3	-1	
-2	-3	-2	3	11	13	23	12	-8	2	2	11	-12	-9	0	0	
15	15	16	14	9	9	-12	6	-12	-2	2	13	-2	-14	-5	1	
21	20	-13	1	0	8	-3	-3	-14	-8	1	15	0	-6	-4	-3	
0	23	-7	2	1	12	-2	-8	-12	-17	2	15	1	1	5	7	
3	7	0	0	1	12	15	-10	-4	-19	1	5	1	4	8	4	
-4	-2	-6	-2	0	10	11	20	-2	-12	-4	-2	-1	0	-3	-1	
3	-12	-3	-2	-3	-1	-12	3	-6	-3	-1	1	0	1	0	-1	
Number of Zeroes=29
-------------------------------------------

Current block= 160,112 -->Match Position= 160,112

Minimal Error=11707
1	0	0	2	2	-1	1	-1	1	0	0	1	0	-3	0	0	
-2	-1	1	-2	2	2	3	0	4	3	0	1	2	0	-3	-2	
1	2	1	0	1	2	0	0	0	0	1	-1	-2	0	9	13	
3	2	3	3	-1	0	-2	-3	-3	-2	-1	5	17	24	13	12	
0	-1	-1	-2	-1	-1	3	8	0	-2	3	-9	3	0	-2	0	
-3	-2	5	14	9	15	8	7	11	3	-1	-14	-4	1	1	0	
15	27	18	12	5	-4	-6	-11	3	9	-1	-10	-7	1	1	0	
6	1	-4	0	-5	0	20	-15	-19	5	0	-6	-11	1	-2	-2	
-2	1	-2	-5	3	6	32	20	-15	-2	-2	-4	-13	0	-5	-2	
-6	-2	-4	7	-1	1	-3	36	7	-11	0	-3	-13	1	7	8	
1	-4	6	9	-2	-1	0	3	35	7	8	4	0	1	0	-2	
1	5	1	1	-2	-8	-5	-7	-2	2	-3	0	1	1	1	-2	
0	-8	-9	-6	-2	-3	0	0	1	-1	0	1	-1	-1	0	1	
-5	-3	-1	1	2	2	0	-1	1	1	-1	0	0	-1	-1	1	
0	0	-2	-1	0	0	0	1	-1	1	-3	0	-1	0	0	-1	
0	-1	-1	-1	0	-1	-1	-2	0	0	0	1	0	0	-1	1	
Number of Zeroes=55
-------------------------------------------

Current block= 0,128 -->Match Position= 0,128

Minimal Error=5365
-2	0	-2	-2	1	0	0	2	-1	1	3	2	-1	-1	1	-2	
-2	0	3	-4	0	3	-8	-1	1	1	0	0	3	1	-5	-11	
-1	0	-2	-1	1	5	7	-2	0	1	-4	-5	-3	2	-6	-2	
-3	-3	-3	-2	-2	-1	0	-2	-3	3	0	-2	-4	-9	-11	-5	
-1	-3	-1	-2	-2	-1	1	1	1	-3	2	-3	-6	-6	-5	-4	
0	1	2	-2	0	3	5	6	6	4	1	-1	0	-12	-7	0	
2	0	-3	-2	-1	0	5	3	6	7	4	4	0	-5	-2	-4	
-2	0	-6	-6	5	3	-1	13	5	3	5	5	-7	-1	-4	-3	
0	1	-6	-12	4	-10	-14	0	4	1	-2	0	-3	0	-4	-3	
2	-1	-5	3	3	1	3	-1	7	7	2	-5	-7	-1	1	5	
-2	-1	-3	-1	-5	0	1	3	2	2	3	3	2	-12	10	4	
1	2	3	-2	-2	1	3	3	2	5	-2	-3	-3	-15	-4	-8	
-1	2	3	-1	1	3	1	-1	2	7	0	-1	4	8	4	7	
-3	1	-2	-2	0	2	-1	1	4	0	0	-11	6	-1	-1	8	
-1	0	0	5	-5	-13	-6	11	-1	2	2	-9	-4	-5	-6	1	
-1	-3	4	9	2	-22	-15	2	-4	1	-3	-3	-5	0	3	-1	
Number of Zeroes=31
-------------------------------------------

Current block= 16,128 -->Match Position= 15,129

Minimal Error=3334
-8	-1	2	4	-2	-4	6	5	11	2	-2	-1	0	1	1	1	
2	2	2	1	-3	7	7	6	9	0	-4	-2	1	3	0	1	
1	-2	1	-1	1	5	3	5	5	-2	-3	2	-1	-5	-4	-1	
-3	3	-1	0	2	4	-6	-1	4	2	-4	-1	-3	-1	2	-1	
0	0	1	2	1	0	-1	0	15	4	-2	-1	1	3	0	-1	
-3	0	-1	-1	1	4	1	0	13	4	-5	-2	-1	6	0	-2	
-2	-1	1	2	7	-9	-3	11	4	3	-3	0	1	7	2	3	
0	-1	-1	2	1	1	11	9	4	3	-3	-6	-1	2	3	8	
-2	-1	-1	-1	3	7	0	-1	5	1	0	-2	0	4	7	4	
1	-1	-2	1	4	2	0	0	5	4	2	-4	-2	0	2	0	
-1	-1	-1	-1	-2	6	-2	-1	5	5	0	-5	1	1	0	-2	
0	1	2	-7	9	4	-4	3	5	6	3	-3	-5	0	-3	4	
0	0	0	2	6	1	1	3	1	4	2	-2	0	1	5	1	
2	-1	3	2	0	1	2	3	2	6	5	-2	-2	2	3	-8	
-2	0	0	0	3	0	2	1	3	4	6	-2	0	1	0	3	
-5	-3	-3	-1	2	1	-3	2	4	4	6	-3	-2	2	1	-1	
Number of Zeroes=36
-------------------------------------------

Current block= 32,128 -->Match Position= 31,128

Minimal Error=5483
-1	-1	-2	-2	0	3	9	5	0	0	2	-2	-5	-2	-1	-2	
3	1	0	0	-4	-3	-8	2	2	3	0	-1	0	3	0	-1	
6	-2	7	-2	-1	3	1	1	2	-1	-1	1	-1	-3	-2	-1	
6	-5	-4	0	-6	-4	2	-1	0	-1	-1	-3	1	-4	-1	-2	
-1	8	-2	-2	-2	0	-3	-1	0	-3	1	0	0	0	-2	-1	
0	6	1	-4	-4	-3	-1	-1	1	-1	-3	-3	1	3	-3	0	
-8	2	5	-7	-3	-3	-2	-1	-1	-2	-1	0	-8	-5	-1	1	
-23	13	8	-2	-2	-2	-2	0	0	1	-2	-3	-3	1	1	1	
-28	-31	5	2	-10	-4	-2	-4	-3	-2	-2	1	-1	0	1	1	
-2	-5	1	9	0	-7	-5	-2	-2	-1	0	-4	1	1	-3	0	
1	-4	1	3	3	-5	-7	-6	-4	5	-4	-1	0	1	3	1	
0	-5	1	2	-1	1	-3	-6	-6	-7	1	-2	-1	-1	0	-2	
0	-2	1	3	1	1	2	-2	-6	-12	-1	-1	1	-3	-1	0	
16	-4	-2	3	2	-8	-2	2	4	0	-1	1	1	-1	0	1	
-10	-2	1	-5	-5	-4	-4	-8	-7	-3	0	-1	-1	-1	1	0	
-7	-2	0	-1	2	2	0	-1	-8	-5	1	2	0	-3	-3	1	
Number of Zeroes=36
-------------------------------------------

Current block= 48,128 -->Match Position= 47,128

Minimal Error=4392
-3	-3	-4	-3	0	-2	-1	0	3	3	0	13	-4	-13	7	-2	
-3	-1	-1	-3	-1	0	-2	0	1	5	1	-1	18	2	-15	4	
0	-1	2	-2	0	0	1	1	2	5	2	-5	3	14	16	-13	
1	1	0	-2	1	0	-2	0	0	3	5	-4	1	-4	10	22	
1	1	0	-3	0	2	0	-3	0	4	6	-4	2	2	-4	4	
1	-1	-2	-3	-4	-1	-2	-2	-2	3	7	-3	-3	4	-3	-2	
3	1	1	-1	-1	-2	-1	0	-2	1	6	-2	-2	3	0	-1	
1	1	-1	-2	0	1	-1	-1	2	1	3	5	-4	4	1	-5	
-2	-3	2	-3	-5	-1	2	1	1	1	5	7	-1	2	3	-2	
1	0	1	-2	-2	-2	0	-2	-1	-1	3	0	-7	0	2	-1	
2	3	1	1	0	-2	-3	0	3	-2	2	6	-6	3	3	-2	
0	-2	-1	0	-3	-1	2	-2	2	3	0	4	-6	1	2	0	
0	-1	-1	-1	-2	-1	-1	0	-1	-1	1	2	-10	3	2	-1	
2	2	-1	0	1	-3	-1	3	1	-1	2	4	-9	0	5	-1	
0	0	-1	-4	5	5	-2	-3	0	-1	-3	3	-11	-1	4	-1	
2	4	-2	-4	-8	0	-2	8	15	-2	2	4	-7	-3	4	2	
Number of Zeroes=37
-------------------------------------------

Current block= 64,128 -->Match Position= 63,128

Minimal Error=9669
-5	-1	0	0	0	2	4	-1	-1	1	-1	0	0	-8	1	0	
-2	-5	-3	-3	-2	7	4	2	0	-2	0	1	7	-1	-6	2	
-10	-2	2	3	-4	3	1	-5	-1	0	-1	-3	0	4	0	-2	
9	-10	-14	-8	3	-8	6	7	5	-2	-5	-4	-5	2	1	2	
13	12	-1	4	3	-3	-7	-4	-9	2	3	4	-4	-6	-6	-6	
3	15	6	-10	5	12	19	22	16	-1	-9	-7	1	5	13	13	
3	3	15	-1	-12	-4	-3	1	9	17	15	5	-2	-11	-18	-18	
-1	2	3	14	-9	-8	-3	0	1	2	5	11	18	11	7	4	
-2	-1	-2	7	11	-12	-5	-1	-1	1	4	3	2	8	5	4	
-1	1	1	1	12	4	-11	-3	-3	-4	-1	3	5	5	7	9	
1	2	1	0	4	14	-5	-6	-1	0	2	0	0	2	4	5	
0	0	-1	1	2	9	8	-11	-4	-4	0	2	3	1	4	2	
-2	0	0	1	2	0	11	1	-9	-1	-2	0	2	0	1	1	
-2	-2	1	1	2	1	6	11	-9	-6	-4	-2	-2	1	-1	2	
-4	-2	0	0	3	1	1	8	5	-10	-5	-2	0	1	1	2	
-4	-2	-1	0	-4	0	-3	3	14	-4	-9	-6	-3	2	2	-1	
Number of Zeroes=29
-------------------------------------------

Current block= 80,128 -->Match Position= 79,128

Minimal Error=5360
-1	-2	-3	5	-2	1	1	3	3	1	2	1	7	1	0	5	
-1	-2	-4	-8	0	-1	0	-1	-1	-3	0	-2	4	0	1	4	
0	0	-1	-4	1	-2	1	0	1	-1	-3	-3	2	-1	0	3	
3	2	2	-1	1	5	1	0	-1	0	0	-1	1	-4	-1	5	
-8	-8	-4	-6	-4	-7	-7	-9	-6	-5	-3	-5	-3	1	-3	-1	
10	11	10	9	8	7	10	2	1	1	1	-1	-1	7	1	-6	
-16	-15	-12	-9	-8	-10	-7	-4	-7	-4	-3	-2	-8	-10	-4	-4	
1	3	-1	-1	1	4	2	8	3	-3	-4	-1	-5	-9	-8	4	
3	8	7	0	-3	-3	-6	-6	2	6	6	6	1	5	1	-13	
3	0	5	8	7	3	0	-3	-4	-5	-4	-4	-2	-7	3	-4	
8	4	0	1	7	8	7	3	1	1	0	2	2	3	0	2	
3	6	1	0	0	2	7	8	5	4	5	3	3	3	3	2	
3	3	6	4	1	-1	2	4	9	7	7	7	5	3	2	4	
0	4	3	5	4	2	0	-1	0	4	5	4	8	10	9	4	
1	3	1	1	0	2	1	1	0	0	2	0	0	1	0	0	
0	1	4	4	1	3	3	2	1	1	-1	0	-1	1	2	1	
Number of Zeroes=32
-------------------------------------------

Current block= 96,128 -->Match Position= 95,128

Minimal Error=1748
1	1	0	0	1	0	1	2	1	2	1	0	1	-1	2	0	
2	2	0	0	0	1	1	2	1	3	1	0	0	0	1	0	
2	1	0	2	1	0	0	1	2	1	1	1	0	0	-1	-2	
1	1	1	1	1	0	1	3	2	0	0	0	-1	1	0	-1	
1	1	1	1	0	2	2	2	1	0	1	-1	-1	2	1	2	
1	0	0	1	0	2	4	1	1	0	-1	-1	-1	-1	-1	0	
2	-1	1	2	4	7	0	0	0	-1	0	-1	-1	-2	-2	0	
0	2	1	0	9	4	-2	0	1	-1	-1	0	-2	-1	-1	0	
0	0	2	11	9	1	1	-1	1	-1	-1	0	2	2	0	-1	
-8	3	11	15	1	1	2	2	1	0	1	0	0	0	0	-3	
-5	-1	8	3	-1	1	1	0	1	1	1	0	0	0	0	2	
6	1	-1	1	2	2	0	1	-1	0	1	4	4	-2	-3	2	
4	2	5	0	1	2	1	-1	-1	0	0	2	3	4	-2	0	
1	-4	-3	-1	0	-1	-1	2	0	-1	0	1	8	4	2	0	
-1	-5	-4	7	0	-1	1	0	-1	2	3	4	4	4	1	1	
-1	0	0	5	1	1	2	-4	-10	2	-2	-1	-1	1	4	0	
Number of Zeroes=68
-------------------------------------------

Current block= 112,128 -->Match Position= 111,128

Minimal Error=4001
0	-1	-4	-2	-1	1	2	0	-8	-1	-6	2	4	2	3	-1	
-2	0	-3	-1	0	1	1	-5	-3	0	-1	-7	7	9	-1	5	
-1	0	-1	-3	0	0	-1	-4	-4	1	-5	-12	3	13	1	3	
2	1	0	-2	1	3	-1	-2	-6	-4	1	-10	1	19	2	-8	
1	-1	-1	0	1	1	0	-5	-5	-2	2	-9	7	12	-2	-6	
-1	0	-1	0	-1	-1	-1	-5	-8	-3	-4	-13	-10	1	4	-5	
-1	-1	0	0	0	0	1	4	2	-1	-2	2	-4	-6	-10	-16	
-1	-1	1	-1	0	-2	1	3	2	4	1	-4	0	4	9	7	
-2	-2	0	-1	-1	-3	0	1	3	9	2	4	0	-6	-7	3	
-1	0	0	2	-1	-1	-7	-6	5	5	0	1	2	4	0	-9	
1	1	1	0	-1	-1	-1	-4	4	-3	0	-1	0	0	1	5	
1	0	2	3	1	-1	-1	0	-2	-1	-2	-1	-1	-1	-3	-2	
0	1	1	2	0	-2	4	1	1	-6	1	-1	-1	-2	-1	-3	
-1	1	2	-1	-1	-1	0	0	2	5	-2	5	3	1	-4	-1	
3	2	-2	-2	-1	-1	-1	-1	0	3	-2	-7	-4	5	4	-1	
4	-5	-3	1	-2	0	-1	-2	-1	3	3	1	2	-7	-3	10	
Number of Zeroes=38
-------------------------------------------

Current block= 128,128 -->Match Position= 128,128

Minimal Error=27732
0	2	2	0	1	2	-2	1	2	-5	-15	-7	-5	-7	10	-2	
1	3	2	1	1	3	1	1	1	0	-1	-5	-4	-16	3	-7	
3	2	4	3	-3	1	1	3	0	-1	2	-8	4	10	-5	-3	
-6	3	0	3	-1	0	-1	2	0	-2	-2	-15	-5	15	1	0	
-1	1	0	2	1	1	0	-1	0	-1	2	-15	-17	-7	-1	-9	
-4	0	2	0	-1	-1	1	0	-1	-1	2	-7	-6	5	-2	-10	
-1	1	-6	-1	-1	-1	0	2	3	-1	4	-2	-1	1	-4	-4	
-2	5	7	2	1	-1	-1	1	1	-1	4	-3	8	-1	-4	1	
-5	-9	0	9	8	2	1	-1	1	-2	4	-14	6	9	-6	-9	
22	-1	-19	-14	-2	10	2	-2	0	0	5	-11	-3	4	-6	3	
-2	29	23	-21	-27	-10	-2	-5	-3	-1	3	-12	-3	0	0	-11	
-9	12	16	44	-9	-37	-18	-5	2	-2	-3	-2	0	0	4	-11	
3	-6	-12	-1	49	8	-41	-19	-5	0	-1	1	-4	-1	0	0	
5	3	0	-10	-7	39	22	-42	-22	-6	4	-1	-3	1	-1	-2	
-1	1	7	-1	-8	-8	27	24	-31	-19	-2	2	-4	-5	1	-2	
2	2	2	10	-7	-3	-10	39	11	-36	-11	-2	-1	-2	1	-1	
Number of Zeroes=26
-------------------------------------------

Current block= 144,128 -->Match Position= 144,128

Minimal Error=18020
1	-1	-3	0	2	8	0	6	-5	-1	-2	0	0	1	-1	-1	
-1	-2	0	1	1	4	-1	5	-7	0	0	0	-1	-1	0	0	
0	-5	-3	1	0	2	-3	5	-5	-3	-1	-1	0	2	0	0	
8	16	2	0	-1	4	-4	5	-4	-1	-1	-1	1	1	1	1	
-5	4	-1	0	1	0	-1	6	-2	1	-1	-2	-4	-6	-10	-14	
-13	0	2	-1	0	1	-10	1	-5	-12	-16	-14	-15	-13	-6	-2	
-9	9	-1	-1	-2	3	-15	-17	-3	-4	-4	0	5	5	10	15	
-3	-1	-12	0	3	12	10	-5	0	-1	-2	2	4	3	2	0	
-12	0	-8	2	0	8	23	2	0	4	-8	-9	-2	-4	-3	-3	
9	-4	-3	3	1	-2	9	15	0	9	-4	-12	-11	0	0	-4	
16	1	-16	0	0	0	0	12	9	4	0	1	-10	-17	-6	-1	
-8	4	-4	0	0	0	1	6	8	25	19	27	4	-1	-13	-15	
-14	-1	-2	-1	-1	-1	2	0	-3	-4	-15	13	25	15	7	-4	
-9	-3	14	0	1	0	0	1	-1	9	0	13	19	21	18	44	
-4	-3	2	0	1	-1	-1	2	1	-3	-9	-9	2	10	-25	4	
0	-5	6	0	0	2	-7	0	4	-1	-1	-11	-3	4	-31	-36	
Number of Zeroes=48
-------------------------------------------

Current block= 160,128 -->Match Position= 160,128

Minimal Error=17534
0	-2	-1	0	-1	1	3	2	-2	0	0	-1	0	0	0	-1	
0	-1	2	-1	-2	-3	0	5	-1	0	-1	-3	-5	-5	-11	-13	
0	0	1	1	1	-2	-5	0	-8	-12	-15	-11	-11	-7	-3	0	
0	-3	-5	-10	-14	-9	0	-1	-8	-3	-3	2	4	6	15	20	
-14	-13	-11	-3	-6	-7	3	15	3	3	25	7	2	-1	-7	3	
0	-1	11	19	17	1	-2	7	9	-15	17	6	-4	-3	-8	-16	
12	-9	-16	-3	5	5	2	-15	-1	-9	12	9	-5	-3	10	8	
18	-4	-14	-7	-13	-8	12	-4	-14	-5	7	13	-4	-3	0	6	
12	2	-13	2	8	-8	-9	3	-12	1	4	19	-3	-2	-11	-17	
7	5	-3	-1	4	11	-18	1	-16	-13	-2	22	-3	-4	-6	-18	
1	2	-1	-1	-1	15	6	-7	2	-7	-24	8	0	-6	-6	-16	
-9	1	1	-3	-3	2	3	-2	1	1	3	1	3	-3	-5	-13	
-19	2	0	-4	0	-1	2	-6	0	-1	2	3	0	-7	-10	-7	
-2	-5	10	-15	-13	-1	5	-3	-2	-4	0	3	8	-3	-5	-2	
7	-4	13	3	-12	-17	-12	-2	-5	-1	-2	0	11	-3	-4	-2	
-27	-6	12	2	2	-1	-19	-14	-9	-4	-2	-4	10	-1	-8	-2	
Number of Zeroes=25
-------------------------------------------

