29,135,210,213,210,193,215,214,202,221,208,207,208,205,220,220,220,221,221,220,221,219,212,215,207,204,166,139,143,146,154,152,128,119,118,139,202,222,217,217,217,222,220,220,224,222,221,218,215,221,222,216,204,223,223,224,223,224,226,225,223,222,221,220,222,210,216,221,214,216,221,227,213,168,118,106,125,138,139,137,128,120,147,197,208,211,212,208,192,198,206,208,207,209,208,212,193,167,206,211,210,209,207,208,208,205,205,198,203,144,92,121,129,124,108,146,194,204,207,212,209,211,198,203,197,190,191,200,203,204,193,189,168,187,140,110,171,213,211,214,212,214,212,213,210,204,205,205,204,196,132,116,179,204,205,208,212,211,212,216,213,214,159,110,152,201,198,122,120,186,190,172,148,95,88,121,

31,133,208,212,210,211,220,198,205,219,205,205,203,208,220,217,220,220,221,215,218,215,213,210,183,149,134,138,147,150,135,119,114,123,154,208,220,217,220,222,221,222,221,223,208,202,223,221,222,222,222,216,211,223,221,224,225,223,222,223,222,222,222,218,219,222,219,216,216,215,219,193,151,122,121,130,138,142,137,139,133,130,127,147,189,209,211,192,178,203,205,206,199,205,207,211,208,187,198,209,209,207,208,206,208,205,205,205,203,198,139,100,118,128,119,116,155,201,201,208,211,210,208,207,200,194,191,195,193,206,197,182,160,186,181,130,122,185,215,215,214,215,214,215,213,203,203,207,205,204,190,122,135,194,201,207,210,210,211,214,215,212,198,138,117,169,203,143,144,182,189,166,145,162,112,93,

29,134,208,210,213,218,208,212,217,210,206,201,200,217,218,219,221,223,217,214,217,213,187,150,135,136,141,146,143,121,106,124,169,203,213,222,221,224,218,194,225,216,215,221,215,219,221,223,223,222,221,223,224,223,223,225,224,221,219,222,221,220,222,219,220,221,217,222,208,186,141,118,129,137,141,151,159,148,135,138,133,128,128,123,129,180,206,183,156,192,202,203,203,203,202,209,211,212,207,207,208,207,207,208,207,205,206,208,205,205,209,157,100,115,126,123,110,151,200,201,207,209,206,206,203,198,192,192,189,201,204,190,166,191,196,184,125,119,184,211,212,213,214,214,214,208,207,211,206,203,205,181,118,144,196,205,207,209,209,211,209,213,207,201,136,116,177,182,165,179,189,181,100,163,173,160,

32,135,209,213,215,213,210,216,214,200,208,206,209,218,215,217,220,217,215,214,193,156,134,135,141,144,133,119,108,112,152,209,223,223,222,223,223,225,221,209,222,222,220,219,220,221,221,223,223,223,222,223,224,224,223,223,222,222,222,223,221,218,220,219,220,220,216,177,129,119,129,140,146,147,131,141,145,134,137,146,140,136,126,128,125,117,168,193,194,192,206,206,208,202,202,207,209,208,210,209,208,208,207,209,208,206,208,209,207,204,204,213,164,100,112,124,122,110,145,200,205,205,206,206,202,200,192,193,192,196,200,204,172,191,203,201,167,120,119,185,211,212,214,214,212,211,203,208,204,208,203,210,176,117,152,199,206,209,210,210,211,215,204,211,191,125,124,174,168,177,186,190,99,113,175,183,

29,133,212,217,216,212,214,217,211,203,205,201,214,217,217,218,220,215,198,163,137,136,145,147,135,111,96,115,165,201,222,219,219,222,221,223,223,225,220,220,220,219,219,222,222,223,223,215,222,223,222,223,224,222,222,223,223,222,221,223,220,222,221,221,198,162,134,120,129,142,144,148,155,149,124,125,130,129,138,137,135,137,134,118,115,108,113,143,179,202,202,209,207,204,205,207,207,208,210,210,208,209,210,208,206,204,206,207,207,208,205,206,212,174,113,107,123,122,111,133,195,207,204,203,204,201,198,192,194,194,196,204,191,199,211,202,183,167,120,121,192,216,213,216,216,216,211,209,210,207,208,206,208,183,118,160,204,207,205,210,213,213,206,198,200,187,120,130,170,175,184,193,118,81,150,191,

28,132,210,213,214,212,217,215,204,200,203,209,215,217,218,216,199,160,138,135,141,141,131,109,97,111,157,208,220,218,217,220,223,224,223,220,219,221,219,220,220,220,220,221,221,224,220,204,222,222,222,223,221,218,221,223,222,221,221,221,221,217,175,164,142,132,127,138,148,152,146,151,140,131,137,133,128,127,144,145,143,126,140,142,123,113,129,116,128,178,200,202,203,203,202,208,206,210,210,212,212,209,212,207,204,200,204,205,207,207,207,206,204,211,189,115,111,121,125,115,132,194,209,201,199,201,200,201,195,193,197,204,196,201,213,207,187,176,174,118,121,191,211,213,212,215,218,216,215,208,208,206,205,210,182,117,161,205,203,208,210,210,207,204,210,211,173,156,173,173,183,194,151,93,101,173,

30,134,210,219,212,210,218,209,199,207,209,212,215,217,199,164,142,137,136,134,129,115,93,100,147,201,223,222,218,209,216,223,216,221,224,221,223,222,219,221,220,222,221,222,221,222,222,220,221,222,222,223,222,218,220,220,217,217,221,220,198,164,134,126,138,144,143,146,147,142,137,126,130,130,125,118,135,179,191,173,187,147,128,140,137,130,132,119,112,132,178,204,208,203,188,205,204,205,208,211,213,209,210,211,207,207,204,205,208,207,207,205,204,204,206,178,97,112,124,122,111,122,191,206,201,201,200,202,198,200,197,196,189,205,211,209,205,165,181,155,115,121,190,209,209,214,217,218,217,209,207,211,208,204,214,180,115,168,202,204,208,206,205,206,208,205,211,196,174,172,183,194,168,143,86,111,

28,135,212,219,208,208,213,208,209,208,206,213,200,166,137,137,138,134,127,117,109,106,131,193,224,223,217,221,221,221,222,221,201,221,223,221,220,221,222,222,221,221,221,222,221,223,222,222,223,223,224,223,223,221,220,221,224,222,207,172,140,142,145,146,154,145,151,142,120,126,132,129,127,133,156,185,210,220,191,186,205,200,162,129,132,142,142,154,188,204,216,230,231,229,227,227,226,219,215,209,209,213,212,209,210,206,204,206,207,205,204,206,204,206,203,201,174,122,108,118,115,105,116,179,202,198,209,204,200,204,202,194,180,198,214,207,198,186,179,172,166,122,121,196,209,210,214,216,217,215,214,216,212,207,205,218,163,115,168,204,208,207,206,205,206,208,209,206,181,170,183,191,171,173,123,83,

30,134,213,215,210,215,212,207,204,205,198,169,139,137,143,141,130,119,106,106,129,181,219,222,218,221,219,221,222,222,222,221,222,221,214,220,218,220,223,221,221,221,221,223,223,222,223,222,219,219,219,221,222,224,223,219,202,169,132,129,143,141,152,154,148,145,128,129,133,127,125,132,160,199,216,218,216,215,191,179,203,208,211,179,150,177,213,233,237,237,236,235,234,235,236,235,236,236,234,230,223,217,212,211,211,209,205,204,205,205,204,205,204,204,202,205,212,200,124,106,119,118,112,107,167,199,206,206,199,206,209,205,190,196,214,213,202,185,183,169,188,166,116,127,189,208,215,214,213,216,217,218,214,212,212,210,205,151,117,172,206,207,209,207,207,207,209,209,189,166,181,188,179,166,168,105,

30,135,212,212,215,213,210,211,198,166,140,134,141,144,134,117,108,101,125,179,216,221,218,220,223,215,220,222,221,220,222,222,222,218,211,219,217,221,220,222,221,219,223,223,222,221,223,222,221,220,220,223,223,218,196,158,138,136,141,142,142,151,150,137,137,125,119,129,119,139,160,204,221,221,217,217,216,208,182,182,205,210,215,225,230,236,237,235,234,234,234,235,235,234,234,235,236,236,235,235,235,232,225,212,208,212,205,204,208,206,206,204,204,203,201,205,204,210,207,152,116,120,116,112,109,165,196,205,206,207,207,208,196,200,213,211,205,196,187,183,181,184,168,121,127,189,215,212,213,217,214,217,218,214,215,211,205,203,155,120,176,204,205,207,207,205,208,210,195,161,178,186,186,138,126,143,

30,133,212,214,216,213,200,165,138,134,142,139,132,116,110,108,125,165,207,222,217,216,220,221,223,220,221,221,220,222,221,220,220,221,221,221,217,220,222,220,221,214,221,223,223,222,223,222,220,220,217,217,188,149,129,133,144,147,147,146,147,139,137,130,128,124,122,146,183,214,218,218,221,222,217,204,214,208,178,191,213,223,233,235,235,235,235,234,234,235,234,234,234,234,235,235,235,235,235,234,235,235,235,232,217,210,210,210,209,207,205,205,204,204,203,207,205,204,211,213,150,104,117,114,111,110,153,196,204,206,203,210,202,207,215,209,202,200,191,186,175,179,184,172,123,134,194,217,215,216,215,217,219,216,215,214,210,203,205,144,124,179,206,209,206,206,207,210,196,156,176,183,192,123,129,174,

31,136,210,215,205,173,143,129,132,144,143,128,110,100,122,159,215,215,206,220,219,217,223,222,222,223,222,221,222,221,220,219,221,222,221,221,221,221,221,221,222,219,221,221,219,220,221,219,219,219,190,154,135,134,140,150,153,147,141,136,127,121,123,116,126,160,199,218,218,216,219,218,220,221,209,198,213,210,198,220,233,234,234,235,234,234,234,234,234,235,235,234,235,235,235,234,235,235,235,235,235,235,235,235,235,220,211,210,211,209,204,204,203,202,203,202,205,201,207,208,209,149,112,116,121,122,114,149,190,204,209,213,208,204,215,213,205,199,186,187,184,175,181,185,168,123,133,201,211,215,217,218,220,219,219,217,216,207,199,198,145,126,183,207,207,204,204,208,203,161,172,183,192,169,127,143,

30,137,197,170,137,127,132,141,144,131,118,116,126,178,214,221,218,219,221,221,221,222,223,221,221,222,221,220,221,221,222,221,222,221,221,220,220,221,219,218,220,221,219,216,218,217,218,210,180,146,145,144,147,151,155,148,133,124,119,116,115,111,125,171,211,223,220,219,221,218,218,218,221,218,219,218,215,223,233,235,234,234,235,234,234,235,234,234,234,235,236,235,235,235,235,235,234,234,235,234,235,235,236,235,234,234,219,208,210,210,204,202,203,201,202,204,202,203,205,209,212,212,158,112,118,124,121,120,155,200,209,211,206,202,211,214,207,202,195,184,190,190,184,184,179,169,120,138,199,215,213,216,219,219,220,217,216,212,204,204,197,137,128,189,207,205,204,204,209,162,161,183,189,183,175,133,

30,120,137,120,132,140,135,128,115,111,124,172,218,223,217,220,222,221,223,218,221,222,223,220,214,222,219,219,220,220,221,220,220,220,218,219,221,220,221,220,221,220,218,219,219,207,176,147,135,135,144,156,159,151,130,118,120,118,115,117,139,179,214,223,220,220,220,220,220,218,219,221,215,208,220,224,231,234,235,234,234,235,235,234,234,234,233,235,235,235,235,235,234,235,235,235,234,234,234,234,234,235,236,235,234,235,232,217,211,206,207,203,204,201,202,203,203,201,205,203,208,209,212,167,110,120,126,121,116,143,196,211,207,203,212,214,208,207,199,190,187,192,190,189,177,176,175,129,136,198,212,214,217,217,219,218,214,211,206,206,205,196,130,136,198,189,197,202,209,162,150,183,189,185,186,185,

27,103,131,132,131,128,114,105,123,169,210,224,219,217,221,222,222,223,223,222,223,223,224,221,219,220,221,220,220,219,219,219,218,219,221,219,221,221,220,220,223,225,223,209,173,141,136,143,150,154,156,140,124,122,121,118,111,120,153,199,220,223,224,217,216,221,221,219,220,221,220,223,202,215,227,234,235,235,235,235,235,235,234,235,235,235,234,235,235,235,235,235,235,235,235,235,235,235,236,235,235,235,236,236,235,234,234,231,215,208,206,205,205,202,193,205,205,200,204,199,200,206,203,210,173,104,114,118,124,117,141,202,209,206,211,215,212,203,200,196,190,193,193,194,181,180,197,190,127,139,196,217,213,214,219,220,217,211,207,207,202,208,189,126,143,188,197,205,210,173,146,183,188,190,187,192,

29,108,132,121,103,101,123,173,210,223,220,222,220,221,222,222,220,225,222,223,223,222,221,222,222,221,220,219,220,220,221,218,217,221,219,219,221,222,220,222,221,197,157,136,140,145,150,156,154,142,127,115,117,120,118,132,169,171,218,221,221,219,219,221,221,221,220,219,221,221,221,220,212,230,235,234,234,235,234,235,235,235,234,235,234,235,235,235,235,235,235,235,236,235,235,235,234,234,235,235,235,234,235,235,236,235,234,234,228,213,208,205,206,203,199,204,205,203,202,201,202,206,205,204,211,177,114,118,128,121,116,136,197,209,209,214,215,207,202,203,196,198,195,198,181,180,197,204,160,128,140,194,214,214,218,219,218,212,209,209,205,205,205,189,123,143,196,203,206,182,156,181,186,192,190,196,

30,97,104,96,123,187,213,224,222,221,222,222,221,221,222,222,223,224,223,223,221,222,220,222,220,215,217,219,213,219,221,222,219,219,218,217,221,223,218,191,156,132,133,142,155,159,153,140,130,124,125,124,122,140,179,213,176,168,220,220,222,221,218,223,221,220,219,220,220,209,216,225,234,235,234,235,235,234,235,235,235,235,235,234,235,234,235,235,235,236,235,235,235,235,236,235,234,234,235,236,234,235,235,235,235,235,235,232,232,228,210,208,208,204,203,204,206,204,203,202,203,196,207,210,207,217,194,125,111,118,112,104,130,196,210,212,214,211,208,205,200,192,189,194,190,186,197,204,177,155,122,141,201,214,216,218,217,213,211,213,208,206,204,206,183,117,152,202,201,193,157,176,184,192,193,191,

27,87,125,177,215,221,220,220,216,221,222,220,220,221,223,221,221,221,226,224,221,221,222,220,219,220,221,218,218,219,220,219,219,221,220,221,212,183,151,139,142,145,156,159,151,132,121,124,128,125,122,147,188,216,226,216,198,219,222,222,222,222,220,222,222,221,219,218,219,217,224,233,235,235,235,235,234,235,235,234,234,235,235,235,235,235,235,236,236,235,235,234,234,235,235,235,235,235,235,235,235,235,235,235,234,235,235,233,232,233,225,207,207,205,202,205,204,203,205,200,201,192,208,189,193,211,213,200,130,116,118,108,113,128,185,210,211,212,209,206,204,200,192,193,187,191,201,205,181,166,147,125,138,200,214,214,212,212,211,213,209,206,205,201,208,185,120,163,206,198,145,167,183,193,159,134,

26,124,213,225,218,220,220,222,215,221,220,220,220,222,221,220,222,223,226,224,221,221,221,220,220,221,218,218,218,218,217,221,222,224,206,176,146,137,141,152,157,158,143,127,119,121,118,120,130,156,193,222,225,223,222,217,206,211,220,220,220,221,220,219,218,218,211,218,219,227,233,235,236,235,235,235,234,235,235,235,235,235,235,235,235,236,235,236,235,235,235,235,235,235,235,235,236,235,235,234,235,235,234,234,235,236,235,234,231,232,233,220,197,203,201,205,203,204,207,189,202,205,202,191,166,209,204,213,204,128,113,120,113,110,118,180,207,206,186,203,211,204,196,197,193,195,201,209,196,164,156,153,119,143,207,215,213,210,208,208,213,207,205,204,204,209,169,113,172,200,133,167,183,194,153,102,

32,138,216,216,219,219,219,222,221,220,219,221,223,224,221,219,223,224,224,222,221,221,220,221,218,217,217,219,218,215,218,222,208,175,136,134,141,153,157,149,137,124,116,121,122,119,131,168,209,226,224,222,224,224,224,223,222,207,214,223,222,220,220,221,217,217,213,218,226,233,234,235,235,234,236,236,235,235,235,235,235,235,235,236,236,235,236,235,235,235,235,236,235,234,235,234,236,235,235,235,235,235,235,235,235,236,235,235,233,231,232,231,211,203,205,207,204,205,206,204,204,204,203,204,204,207,204,208,213,211,151,114,115,119,108,117,176,205,172,192,212,207,197,200,205,208,207,209,204,177,167,165,155,106,142,205,212,214,212,212,210,210,206,206,203,203,185,158,123,174,153,155,184,192,170,129,

31,136,216,207,219,220,218,220,221,220,220,220,218,214,221,222,221,223,221,215,219,221,222,221,218,218,218,218,220,219,203,165,147,135,135,147,153,145,132,117,118,120,116,118,135,175,217,226,225,222,223,223,223,220,222,222,222,222,222,223,222,220,219,221,220,220,220,224,232,234,234,235,235,235,235,235,236,234,235,235,234,235,235,235,235,236,235,235,235,234,235,236,235,235,234,235,235,234,235,235,235,235,235,235,235,235,234,234,234,231,231,232,229,212,205,211,197,194,207,204,205,205,205,205,205,204,205,207,209,211,212,166,112,122,114,109,114,168,200,204,207,207,198,199,202,208,208,210,208,184,172,167,177,152,110,134,202,212,209,213,213,214,209,210,205,202,194,202,163,120,135,124,184,188,186,180,

31,135,214,220,219,219,220,221,220,219,220,221,220,217,221,219,212,222,221,221,218,219,221,218,219,218,220,218,192,160,143,142,149,152,151,140,126,117,114,122,123,123,141,185,220,220,223,223,221,220,217,220,222,223,223,223,222,222,223,223,222,220,219,221,219,218,222,231,233,234,235,234,235,234,234,235,235,235,234,235,235,234,235,236,234,235,235,236,236,235,235,236,234,236,235,235,236,235,235,234,234,234,234,235,234,235,235,234,233,232,232,231,230,226,208,208,207,204,198,198,205,206,204,203,206,204,202,208,208,206,207,217,166,112,123,115,114,113,152,189,205,210,202,201,195,204,211,211,206,195,177,171,173,165,154,111,134,206,213,211,215,213,210,211,210,205,202,193,206,158,145,107,181,184,194,198,

31,135,216,223,219,219,221,220,221,217,219,221,221,220,220,222,219,221,219,220,220,220,217,219,222,214,188,149,135,142,148,155,151,136,115,111,115,117,117,124,153,196,222,225,224,218,221,221,222,220,223,224,223,221,222,222,223,216,217,218,218,219,218,220,220,220,228,232,234,235,234,235,234,235,235,234,235,235,235,235,234,234,234,235,235,235,235,235,235,235,235,234,235,235,235,235,235,235,235,235,234,235,235,234,235,235,235,233,232,232,232,231,230,231,220,208,206,205,206,205,205,207,205,202,204,205,199,206,209,206,209,209,217,178,116,119,113,117,114,148,196,202,197,200,194,197,210,214,207,197,192,194,182,166,166,163,109,135,196,209,211,213,213,212,216,211,203,199,202,207,182,127,172,183,193,197,

30,134,216,220,219,219,219,221,220,215,218,221,220,221,221,221,219,219,219,220,222,222,218,207,178,143,135,145,156,162,152,128,113,113,115,116,115,129,164,202,224,225,221,223,222,221,216,220,222,221,219,224,223,221,222,223,223,215,216,219,217,219,217,217,219,224,232,233,233,234,234,235,235,235,236,235,235,235,234,235,235,235,235,234,235,235,235,235,235,235,234,234,235,235,235,235,234,235,235,234,235,234,235,235,235,235,235,235,232,232,232,232,231,229,228,214,206,205,206,206,207,206,206,206,206,199,190,198,206,205,210,208,208,215,185,121,114,122,116,118,150,198,189,189,201,203,207,214,210,197,197,197,182,178,177,178,166,112,128,196,212,212,214,211,213,214,210,203,202,204,207,180,173,183,192,196,

31,136,215,216,217,221,221,222,218,218,221,220,221,219,219,219,220,220,219,218,220,202,166,139,133,145,157,157,151,133,113,113,118,119,114,130,173,210,223,223,211,213,224,222,222,221,220,222,218,221,214,223,223,222,222,223,204,214,211,221,217,216,219,217,220,230,233,233,234,235,235,234,234,234,235,235,235,235,234,235,235,234,235,235,235,235,234,234,235,235,235,235,235,235,234,234,234,235,235,234,235,235,235,236,235,235,235,235,233,232,232,231,232,230,229,222,207,204,207,207,207,208,206,206,206,202,196,198,205,205,208,208,209,210,214,193,122,111,116,119,110,145,185,181,205,204,201,207,210,198,191,189,192,185,179,184,187,179,123,137,204,212,213,214,214,215,210,204,201,205,210,187,167,182,191,194,

30,135,214,220,220,221,220,222,217,218,220,218,219,220,218,217,220,221,219,196,163,131,134,147,157,158,144,126,121,113,122,119,121,145,184,213,223,220,219,222,213,214,223,221,219,222,220,222,222,177,200,224,222,220,221,220,182,210,210,218,216,218,216,216,224,231,233,233,234,235,234,235,235,235,235,234,234,235,235,234,234,235,235,235,235,235,233,235,235,235,234,235,235,234,235,235,235,235,235,235,234,235,235,235,235,235,235,234,234,233,232,231,231,230,228,226,216,206,208,206,205,208,209,207,206,206,198,195,198,205,205,208,209,210,207,215,193,116,111,117,114,103,132,165,197,202,210,207,209,206,195,192,196,192,188,198,194,201,173,118,139,204,213,213,213,214,211,209,204,205,210,184,150,182,189,193,

28,136,214,220,219,219,217,218,216,219,219,216,219,217,215,220,220,202,166,138,139,146,157,157,143,126,122,123,122,115,119,152,192,220,225,215,220,220,221,219,222,222,221,222,223,223,222,220,223,207,220,222,220,221,221,220,217,219,218,215,217,216,214,220,229,232,232,232,233,234,234,235,235,235,235,235,235,234,235,234,234,236,235,234,234,235,234,235,235,235,235,234,234,235,235,234,235,235,235,235,234,234,235,235,235,235,234,234,233,233,233,231,231,230,229,228,222,209,206,205,206,207,207,206,206,203,203,201,198,203,203,207,208,206,207,210,212,197,131,113,118,112,104,132,190,205,211,213,210,207,193,192,196,190,194,200,193,199,190,158,112,137,201,211,211,213,211,210,206,207,211,200,161,180,187,195,

28,135,214,218,214,213,217,213,215,219,217,217,217,218,218,197,152,132,140,154,158,157,144,125,120,125,126,119,127,161,202,227,199,213,221,209,219,221,221,219,221,222,221,220,222,223,221,219,222,223,220,220,217,208,220,220,222,219,219,218,212,212,217,225,231,232,233,234,234,234,234,234,234,234,234,235,236,235,236,236,235,235,234,235,234,234,235,235,235,235,235,235,235,234,234,235,234,235,235,234,234,235,235,235,235,234,233,233,233,232,232,231,232,231,230,228,226,211,203,203,205,207,202,205,207,203,205,202,202,204,206,205,206,206,208,209,207,203,192,129,104,117,115,103,138,197,205,209,213,206,199,192,200,188,193,201,195,203,199,185,156,109,139,206,212,210,213,210,208,205,208,207,140,179,186,196,

30,134,213,217,216,218,216,211,218,219,218,220,218,195,161,141,136,151,161,158,142,120,116,122,123,123,138,167,206,224,221,221,219,219,212,219,223,222,223,222,223,222,223,219,222,222,220,221,221,220,221,220,219,219,218,220,221,217,218,218,219,219,221,228,231,232,234,234,234,234,234,234,235,235,235,235,235,235,235,235,236,235,235,236,236,235,235,235,235,234,235,235,235,234,235,235,234,234,234,235,235,235,235,235,234,234,234,234,233,232,231,232,232,231,231,229,228,222,206,199,205,204,203,202,207,207,205,204,201,203,206,207,208,206,207,207,210,192,175,205,126,103,118,110,107,135,197,207,209,204,198,199,203,193,193,205,200,208,202,196,190,165,116,146,206,210,210,209,208,208,206,208,135,177,184,195,

30,135,214,218,217,218,214,213,218,221,212,185,160,146,151,158,159,157,139,121,119,123,121,120,135,179,218,224,221,222,222,220,218,221,222,222,223,221,222,223,222,220,223,223,221,221,222,221,221,221,217,216,220,219,218,219,219,219,220,218,217,217,220,230,231,234,234,234,234,234,234,235,235,235,235,235,234,235,234,234,234,235,235,235,236,235,235,235,235,234,235,235,236,236,236,234,234,235,235,234,235,234,235,235,235,235,234,234,234,233,232,232,231,231,231,229,228,224,209,198,202,205,205,204,205,207,207,207,205,203,207,204,206,206,201,205,209,207,202,211,209,128,99,113,120,106,133,189,209,206,196,200,204,196,197,197,198,207,206,201,192,185,168,113,148,202,207,202,201,204,206,214,184,177,182,192,

31,136,213,217,216,216,211,217,209,180,153,141,150,160,166,153,133,123,122,123,118,115,143,184,215,223,223,213,221,223,221,220,220,220,220,222,222,219,220,223,222,222,215,221,220,220,222,222,221,219,218,218,219,217,219,219,218,217,217,219,217,220,226,230,232,233,233,233,233,234,234,235,234,234,234,234,236,235,235,236,236,235,235,235,235,235,235,235,235,235,235,235,234,235,235,235,234,235,235,235,235,234,235,234,235,235,234,234,234,233,232,231,232,230,230,229,228,226,208,192,202,203,204,204,207,206,206,206,204,204,206,207,204,205,203,206,208,206,205,207,212,207,137,97,119,122,108,125,183,206,197,194,202,192,199,200,190,193,205,202,194,181,187,156,110,148,200,190,191,206,204,213,179,161,182,186,

31,136,212,217,219,215,196,167,144,146,150,159,165,153,133,118,121,124,123,117,127,181,220,225,218,220,221,217,221,221,220,222,221,219,219,223,221,220,217,221,218,220,215,221,223,221,221,220,220,220,218,217,218,219,215,218,219,219,217,215,212,221,227,230,231,233,233,233,233,235,234,235,234,235,234,235,236,235,235,235,235,235,234,234,235,235,235,235,235,235,235,234,234,235,235,234,234,234,235,235,235,235,235,235,235,234,235,234,234,233,231,232,231,231,229,229,229,227,214,153,187,202,202,203,205,204,203,204,205,205,205,206,206,204,205,206,206,205,209,212,210,210,212,143,95,120,117,112,118,179,201,196,193,188,196,210,197,199,204,205,198,182,186,173,139,108,146,196,189,203,205,212,191,173,182,185,

29,135,217,220,201,166,136,135,139,159,162,154,134,120,120,123,123,120,144,171,187,225,219,219,221,212,219,221,222,221,221,222,221,220,218,200,201,223,216,218,219,219,221,222,221,220,220,219,218,219,218,218,220,218,216,217,219,218,217,215,213,223,227,230,231,232,234,234,234,235,234,234,235,235,234,234,235,235,235,235,235,236,234,235,235,234,234,235,236,234,235,235,235,235,235,235,235,234,234,234,235,235,235,235,234,234,235,234,235,232,232,232,231,231,230,230,228,225,226,160,128,182,201,200,205,204,204,204,205,205,206,205,205,207,208,206,205,204,208,211,212,209,210,217,153,100,118,120,111,120,183,196,186,186,193,209,206,205,209,205,204,189,194,181,160,156,114,156,194,199,205,208,201,171,182,184,

30,134,187,160,140,134,144,151,153,139,131,125,124,119,117,132,156,198,214,213,216,221,221,219,220,211,220,222,220,215,222,222,222,221,219,207,218,221,221,218,217,221,221,220,219,219,218,217,219,218,215,216,219,217,220,217,214,218,218,218,217,224,228,230,232,233,233,233,234,235,235,235,235,235,234,234,235,234,235,235,236,236,235,234,235,235,234,235,235,234,234,235,235,234,235,235,236,235,234,234,235,234,235,234,235,234,234,234,233,233,233,231,230,230,230,229,228,226,227,193,120,121,174,201,202,201,202,203,204,205,206,206,205,205,202,205,205,204,207,210,212,210,209,210,213,156,106,119,130,115,122,186,194,184,191,204,199,207,211,204,206,194,191,192,162,175,162,112,155,203,205,207,206,151,178,183,

30,116,147,147,145,143,142,137,130,127,124,123,117,131,175,217,219,223,220,220,212,217,221,220,220,222,222,222,222,223,221,208,222,220,220,222,219,222,222,220,217,221,220,219,217,218,216,218,219,215,217,217,218,219,217,217,218,214,214,218,220,225,229,230,233,233,234,234,234,235,235,236,235,235,235,235,234,234,235,235,235,234,235,234,236,235,235,236,236,234,235,236,235,235,235,236,235,235,234,235,235,235,234,234,235,233,235,234,233,233,233,232,231,230,230,230,229,227,225,212,133,123,117,155,197,200,199,205,202,206,207,205,207,201,199,206,207,203,207,210,211,211,209,209,202,205,161,111,127,129,118,121,172,166,191,203,199,202,212,209,213,202,196,197,174,173,180,161,117,161,201,204,204,170,180,183,

27,120,162,156,142,130,126,124,123,118,133,143,169,218,222,221,221,217,217,219,217,217,222,220,222,222,220,222,222,222,220,215,221,221,221,221,219,220,219,220,221,221,218,216,217,218,219,220,220,218,219,216,217,218,218,217,216,213,215,218,221,226,229,231,233,232,234,233,234,235,236,236,235,235,235,235,235,235,235,235,235,234,236,235,236,235,234,235,236,235,235,235,235,235,235,236,235,234,235,235,233,234,234,234,235,235,235,235,234,234,232,232,232,230,229,230,229,227,226,223,160,127,126,112,141,191,203,202,200,203,207,205,205,207,205,205,207,204,199,208,209,211,208,209,205,199,206,176,115,118,129,114,115,128,172,200,206,207,209,211,211,206,201,201,178,183,184,187,169,113,155,204,203,182,182,184,

29,117,138,121,119,123,122,121,134,174,212,222,219,220,220,216,218,217,218,220,218,219,219,220,221,217,220,219,221,221,221,222,218,220,219,220,220,220,218,219,219,221,217,216,217,218,218,206,218,217,216,215,216,216,216,215,215,216,217,217,223,226,229,231,232,232,232,234,236,235,236,235,235,235,235,235,235,235,235,236,235,235,235,235,235,235,234,235,235,234,234,235,235,235,235,235,235,235,235,234,234,235,233,234,235,235,234,234,234,233,232,233,232,231,230,230,229,228,225,225,184,130,132,122,112,134,189,202,201,201,204,203,204,206,203,204,206,206,203,205,207,208,206,208,207,209,205,216,181,114,119,118,121,121,158,197,198,206,208,210,208,206,203,205,184,189,186,186,190,166,115,155,172,177,181,182,

29,102,122,119,120,128,149,191,215,226,222,220,220,217,213,219,216,219,221,222,214,216,218,219,220,213,220,219,220,218,221,220,219,215,208,220,219,219,219,219,217,216,219,217,216,218,219,218,211,212,214,216,217,215,213,211,212,217,216,218,224,228,229,230,231,232,232,234,234,234,235,234,235,235,234,235,235,235,236,236,235,235,235,234,234,234,235,234,235,235,234,235,234,235,236,235,235,235,235,235,235,235,234,235,234,235,234,234,234,233,234,234,232,231,230,230,229,228,226,227,197,123,129,124,124,116,129,186,202,202,202,204,202,203,191,201,206,206,206,205,206,207,205,207,206,209,208,209,216,188,119,118,123,118,118,170,200,203,209,208,210,206,200,206,196,196,194,182,191,193,165,122,124,154,185,180,

27,103,122,130,162,192,214,219,222,221,221,221,220,219,215,219,218,221,220,221,221,219,215,220,220,218,217,219,212,214,220,218,215,219,218,218,217,218,216,217,216,215,217,218,219,215,218,219,217,217,215,217,217,215,215,215,217,214,197,217,225,227,229,231,231,231,233,234,235,233,234,235,236,235,236,236,235,235,235,233,234,234,235,236,236,236,237,234,235,236,235,235,235,234,235,235,235,235,235,235,235,234,234,235,235,235,235,235,234,234,234,233,233,231,230,229,229,229,226,226,217,139,119,130,127,124,114,118,178,204,202,201,203,204,203,200,202,200,203,204,204,207,206,206,206,208,208,206,207,214,192,116,110,122,119,110,161,199,209,211,210,205,198,205,202,195,198,185,196,186,185,161,136,167,184,180,

25,109,169,209,218,221,220,222,202,212,221,221,220,219,222,219,220,220,220,218,220,221,219,210,220,218,216,219,222,220,218,209,216,221,217,218,217,219,218,212,217,216,214,216,216,218,220,220,216,214,214,214,214,219,218,201,176,142,159,223,225,227,230,231,232,232,233,235,236,235,234,231,227,223,218,215,213,210,210,208,209,210,212,216,219,223,225,228,229,231,233,235,235,235,236,235,236,236,235,236,235,236,235,235,235,235,235,234,233,234,234,232,233,231,231,230,229,229,227,225,221,207,152,119,125,121,117,111,114,165,197,201,200,200,205,203,200,202,204,205,204,204,204,202,207,208,207,206,206,205,215,196,123,109,129,116,108,162,207,206,211,208,196,204,204,196,197,192,198,199,194,184,183,173,149,177,

28,133,214,219,213,218,219,221,218,219,221,221,214,215,221,219,218,217,221,217,220,220,220,216,218,211,216,218,220,220,218,210,209,215,215,217,216,215,218,215,217,216,215,218,217,218,216,216,213,214,217,212,205,188,156,135,126,133,186,225,225,226,229,230,232,234,235,232,226,218,208,198,192,187,182,179,177,174,173,172,173,175,178,178,178,176,176,180,187,190,191,195,201,209,215,218,222,223,225,227,229,232,233,234,235,236,235,235,236,235,234,234,233,233,232,230,230,230,230,227,221,211,213,157,109,120,127,122,117,110,148,194,197,200,201,202,201,202,203,204,205,202,204,201,207,205,205,206,207,206,208,212,199,126,113,124,115,115,163,204,208,209,200,200,206,199,197,197,202,203,200,191,195,181,154,180,

30,136,215,218,218,219,217,220,221,220,220,219,221,220,220,220,220,215,216,218,220,219,220,219,218,219,217,218,218,218,219,220,210,214,217,216,215,215,215,215,214,214,216,216,217,215,214,216,216,211,197,163,142,132,133,140,133,148,208,226,225,229,230,232,232,228,216,202,192,187,185,182,181,181,180,180,179,177,171,165,161,157,149,144,140,136,133,134,138,135,128,129,134,139,144,150,158,162,167,171,176,182,187,192,198,204,209,214,220,222,226,229,230,233,233,232,232,231,230,228,223,212,210,202,166,126,123,126,124,120,109,139,186,197,198,201,202,203,205,205,204,204,203,204,207,208,205,205,206,202,208,209,208,201,131,112,126,127,115,164,203,201,199,206,207,202,200,197,202,198,201,194,189,190,178,192,

30,138,215,219,218,217,217,221,219,222,220,221,222,221,219,219,220,220,219,219,219,218,220,210,214,217,214,219,218,217,217,218,216,216,217,218,218,218,218,220,214,214,218,217,218,217,211,198,174,148,126,127,142,142,134,144,132,151,218,224,227,230,231,227,212,198,188,186,188,188,187,186,183,176,170,161,150,144,136,128,122,116,111,108,107,105,105,103,100,101,103,102,104,105,105,112,122,123,123,119,123,127,132,139,146,153,160,164,167,171,177,183,191,199,206,213,219,224,227,228,227,218,212,212,215,196,133,122,124,123,120,110,127,179,201,202,202,204,200,200,204,204,203,202,207,206,205,204,206,206,208,209,204,204,201,128,108,131,128,119,165,204,200,206,208,202,198,199,201,205,207,200,185,178,182,195,

29,135,214,218,217,216,220,222,220,221,221,220,220,221,220,220,220,219,218,219,217,217,218,216,215,218,219,216,214,218,216,215,216,212,217,217,216,215,213,210,213,215,217,213,205,179,154,137,133,142,139,138,145,146,127,109,115,161,225,225,228,229,214,196,188,190,191,190,185,177,167,157,148,140,136,131,127,123,119,111,106,105,99,99,95,93,92,90,91,88,88,86,87,90,91,102,109,109,106,94,95,93,100,107,114,121,130,140,146,153,158,162,162,162,165,169,176,181,188,198,204,213,218,220,219,208,198,158,113,119,127,121,113,124,172,200,201,204,177,181,203,203,202,204,206,208,207,205,204,201,207,211,205,204,206,200,142,110,125,125,120,155,199,202,205,200,197,199,202,207,206,205,192,172,186,204,

31,137,212,217,216,219,220,221,221,219,220,221,219,220,219,219,217,217,217,218,218,215,213,217,215,213,216,216,214,217,208,216,214,217,215,212,217,215,205,215,216,214,194,169,144,131,140,138,139,146,149,150,130,114,110,91,94,180,229,226,221,204,187,187,191,182,166,151,147,142,136,132,129,128,124,121,119,113,111,104,89,87,81,83,90,84,77,79,79,78,75,77,78,76,84,92,94,99,96,81,84,83,84,91,96,103,109,115,121,128,134,145,158,165,169,166,166,166,166,169,170,175,181,191,203,214,219,217,168,121,120,126,126,114,114,158,196,199,189,197,198,201,201,204,204,208,206,205,205,203,205,208,205,203,206,203,205,159,112,124,125,113,145,194,200,200,197,202,205,209,208,205,198,187,184,203,

30,135,213,218,217,218,219,220,221,218,219,219,217,208,219,217,215,215,218,216,215,208,214,216,216,217,216,217,220,216,209,218,215,215,207,209,217,217,216,199,171,151,134,135,139,137,141,143,138,148,139,119,109,106,101,101,129,208,221,209,192,186,186,174,153,134,126,126,128,128,127,127,125,120,114,110,108,104,104,103,90,77,81,85,97,98,101,103,103,103,103,103,101,98,99,96,90,88,88,79,74,76,77,81,83,88,99,105,110,116,120,121,123,130,149,166,173,172,172,172,171,171,171,172,175,180,193,210,213,173,120,116,127,122,113,110,151,195,192,197,200,196,199,205,202,204,205,205,205,205,204,201,196,202,204,206,203,215,173,116,122,130,118,140,197,200,193,203,204,205,208,207,199,196,189,188,

29,136,214,215,215,217,217,220,220,219,219,219,216,215,217,216,211,216,217,216,216,217,215,215,216,206,214,218,218,215,216,217,217,213,209,215,203,183,156,141,140,137,141,142,143,148,141,124,120,127,116,111,103,113,148,192,214,209,199,192,186,170,139,124,123,126,129,130,128,127,126,121,117,112,107,103,102,103,104,105,107,104,105,107,108,110,112,111,113,116,117,116,117,115,110,108,105,100,97,96,84,71,71,80,89,85,84,88,98,105,110,117,120,121,116,124,150,166,172,175,174,176,175,174,174,175,176,181,206,210,195,132,112,126,121,112,107,142,186,196,198,197,200,203,203,202,205,205,205,205,204,204,206,204,205,206,199,208,216,172,109,123,131,121,133,194,196,197,203,205,205,203,197,187,194,166,

30,138,210,205,217,209,213,219,217,218,220,216,209,217,214,214,212,217,218,216,217,217,216,218,217,215,216,216,214,215,214,214,213,212,193,164,138,123,127,136,141,144,145,141,144,138,120,108,111,111,110,105,115,195,221,209,202,200,200,186,147,117,114,125,128,127,129,130,126,120,116,111,109,110,105,102,106,109,112,112,113,112,113,113,114,114,116,116,115,117,119,116,118,118,116,116,115,111,109,107,99,98,101,104,104,100,91,84,84,91,102,107,112,119,117,118,130,131,156,174,177,177,178,177,176,177,180,175,194,208,209,205,147,107,123,123,115,109,129,179,197,191,200,202,200,201,206,204,203,205,206,203,206,204,205,206,204,206,211,210,177,112,121,132,119,134,192,201,195,206,209,207,197,179,183,191,

30,136,212,216,216,218,217,217,217,217,217,215,214,216,217,217,217,215,217,215,217,217,217,218,218,215,212,213,213,218,219,208,189,155,138,134,134,139,142,144,142,142,137,132,122,109,106,106,106,105,99,98,168,212,203,202,201,202,179,129,110,117,119,129,131,129,125,121,116,112,107,104,104,105,107,110,112,114,114,116,115,115,115,116,118,118,119,119,116,119,121,118,117,118,117,115,114,115,111,109,106,106,108,108,111,109,104,88,79,84,87,98,103,110,115,124,137,131,128,139,170,179,183,183,181,182,184,179,188,209,208,211,214,167,117,125,127,118,105,120,171,192,197,201,201,201,205,207,203,205,208,203,203,203,206,208,206,206,212,205,209,184,118,120,134,121,131,187,201,204,210,209,202,193,190,204,

31,135,213,219,217,217,217,215,216,217,217,217,217,216,216,218,217,217,214,215,214,211,216,216,215,215,215,217,215,200,172,151,139,138,141,144,147,146,144,140,137,121,110,104,100,99,99,101,104,103,101,122,195,203,202,204,201,173,123,105,115,120,120,131,130,125,118,113,108,104,104,103,107,110,111,114,117,118,116,116,116,117,117,119,121,121,115,116,113,114,120,120,116,116,116,116,116,116,113,112,113,113,111,111,110,111,110,102,80,75,77,84,92,101,107,111,116,128,133,121,126,167,179,184,185,185,188,184,188,207,210,209,211,217,180,123,123,124,115,109,113,159,193,199,201,202,204,206,204,205,205,204,205,203,199,207,207,207,208,206,204,209,187,119,115,132,121,129,190,206,208,211,209,197,194,198,

29,135,213,217,217,219,218,217,217,216,215,215,217,210,216,217,217,217,216,217,218,216,215,215,211,218,206,179,155,137,141,144,147,144,148,154,147,136,121,114,109,102,102,103,106,108,107,105,105,107,104,144,194,202,204,198,175,139,116,109,120,122,122,129,130,120,110,106,105,104,105,110,114,116,116,116,118,119,117,117,117,120,119,119,118,113,111,106,108,109,114,117,115,114,115,118,118,116,116,109,114,115,114,114,111,112,111,108,97,86,77,79,84,93,100,108,110,111,124,129,110,128,168,179,185,185,188,182,186,206,209,211,209,210,213,187,122,113,122,119,109,107,153,189,197,202,201,205,202,205,205,198,204,202,204,204,202,206,209,207,204,207,207,195,126,114,130,124,125,169,207,191,198,205,201,204,

30,136,212,216,217,213,219,213,217,218,216,216,217,218,217,217,217,214,216,212,215,218,217,209,188,160,139,133,141,141,144,146,150,146,140,134,122,113,109,104,104,106,106,106,105,110,109,109,107,108,108,143,193,204,200,182,154,137,124,116,124,125,123,123,128,123,105,103,104,108,111,113,115,115,117,119,120,118,118,117,118,118,112,107,101,96,99,100,101,103,107,114,114,113,113,118,120,116,118,111,112,113,114,115,112,109,111,110,104,94,90,80,80,84,94,104,112,113,115,109,106,107,143,172,179,184,186,180,190,206,208,210,206,206,207,209,194,137,108,118,120,115,108,144,188,200,202,205,203,204,202,201,204,201,205,206,200,203,208,204,204,210,208,210,200,129,109,128,122,115,166,202,200,204,199,198,

31,136,215,220,218,213,215,209,216,217,218,215,212,218,214,216,217,216,216,215,214,200,173,146,137,139,142,143,148,150,146,139,129,119,108,105,107,100,101,105,107,107,107,110,109,109,107,109,109,109,108,140,195,204,192,168,147,137,129,119,125,126,121,115,125,127,111,101,109,113,116,117,116,113,115,115,114,117,118,115,113,108,98,86,81,87,90,93,93,100,104,108,108,110,113,118,117,114,116,108,107,106,107,110,111,107,109,109,106,102,97,93,83,85,91,99,108,113,116,104,105,107,120,162,172,179,183,178,198,207,208,209,206,208,213,211,215,213,154,110,117,121,118,110,130,181,202,204,203,203,202,203,204,202,201,208,204,204,208,203,204,196,207,208,208,205,137,108,128,125,112,164,201,195,187,188,

30,134,215,213,218,218,217,217,216,215,216,215,216,216,214,217,220,217,205,182,152,137,135,140,143,144,149,146,133,121,115,108,102,104,103,103,99,100,105,109,109,108,109,109,109,110,111,112,110,110,109,136,192,197,181,161,146,139,127,116,125,121,113,106,107,111,102,110,117,118,119,117,116,114,111,110,107,107,107,105,98,90,82,79,80,86,89,88,92,102,104,103,105,108,111,114,116,113,111,104,103,96,93,98,106,107,107,105,103,103,103,102,95,88,90,92,100,108,115,105,103,110,113,153,171,176,180,181,202,207,206,207,208,206,206,212,214,213,215,178,122,115,118,112,108,119,171,201,203,203,201,202,203,207,205,205,205,207,207,207,204,205,206,208,205,207,208,142,110,131,124,115,162,197,189,189,

30,135,211,215,219,216,216,217,214,214,215,213,219,215,213,207,192,164,145,136,140,143,138,150,138,116,118,107,102,107,103,103,101,102,100,103,106,107,108,109,110,111,111,110,109,108,110,110,109,110,107,119,184,196,176,153,137,140,124,118,122,113,106,100,102,97,109,117,119,121,121,119,114,107,102,102,103,102,96,93,84,74,70,71,77,85,89,90,93,100,100,103,108,106,109,112,113,113,107,102,99,91,87,84,90,101,106,104,103,104,106,105,101,95,89,94,98,104,111,108,104,111,114,148,174,178,177,189,206,207,206,207,209,207,205,211,212,209,209,212,197,135,113,120,116,114,114,163,195,202,203,198,202,206,205,204,204,207,206,207,204,207,206,207,206,207,208,210,151,108,124,125,115,160,193,198,

32,138,217,218,216,215,215,213,211,213,215,218,199,174,173,156,143,141,145,147,148,152,133,128,111,114,108,106,104,104,103,102,104,107,107,108,107,108,109,108,108,109,111,111,111,111,109,110,110,110,107,110,170,197,180,156,140,137,122,120,116,106,99,95,87,102,118,121,122,123,121,116,109,110,108,104,99,95,92,83,74,66,75,84,85,89,94,100,100,100,104,108,107,105,107,109,110,108,104,101,95,91,81,73,76,84,97,105,105,104,103,106,107,105,96,94,96,102,109,113,113,115,124,147,172,182,178,199,208,206,206,204,207,207,210,211,212,211,210,208,209,207,146,110,119,120,114,111,151,189,198,198,203,205,205,202,206,207,207,207,206,207,209,201,206,208,208,207,211,156,101,116,125,120,159,197,

31,137,215,214,212,212,214,216,210,213,197,170,144,135,142,143,149,150,149,145,134,113,106,107,107,103,101,100,102,104,107,107,106,109,111,111,108,109,109,108,107,108,112,113,111,111,111,111,112,111,109,105,145,192,184,165,146,134,126,121,110,99,93,84,84,111,122,123,124,125,123,121,117,112,107,101,99,95,91,90,86,87,91,97,99,101,101,104,103,105,107,106,104,103,105,107,106,105,106,102,98,93,83,78,71,72,78,90,100,99,96,100,106,110,105,92,93,101,117,117,128,123,132,150,170,179,184,206,202,209,207,202,201,200,209,210,211,209,211,211,210,212,213,152,109,115,117,113,107,138,182,198,201,204,202,203,206,207,208,206,206,210,207,199,203,207,206,208,207,214,164,105,114,129,120,145,

32,138,212,214,214,215,217,205,173,152,148,139,136,128,142,140,147,142,131,115,109,102,102,102,106,107,106,106,106,107,108,109,110,111,112,112,110,111,112,109,107,108,109,110,111,112,111,111,109,109,110,106,117,175,193,177,152,136,132,123,106,92,88,75,94,118,124,125,126,126,124,123,119,114,116,113,108,109,108,106,100,99,93,94,97,99,101,104,105,108,110,111,109,106,106,108,105,101,102,99,99,96,86,79,69,69,72,77,85,89,93,91,97,106,109,96,96,112,116,117,136,131,140,158,175,179,198,203,202,210,208,207,207,208,207,207,212,210,210,211,212,211,213,216,176,115,113,115,115,109,131,178,195,199,201,205,202,203,204,208,208,209,207,207,205,204,205,207,209,210,216,175,109,114,122,123,

32,135,213,217,211,193,163,145,134,141,139,141,148,146,145,133,125,113,105,103,99,102,103,103,107,109,105,107,108,109,107,109,111,110,111,112,112,111,111,111,110,110,109,110,110,108,110,111,110,110,107,106,106,128,182,187,166,149,140,124,104,91,83,79,99,118,127,131,129,124,122,118,114,113,114,112,111,110,103,90,77,64,66,72,79,87,89,93,100,104,108,110,112,110,109,110,106,101,98,95,94,94,93,90,82,70,67,69,74,82,88,90,94,98,105,101,93,105,102,117,138,139,153,171,178,187,208,205,206,210,209,204,204,208,207,207,212,211,210,209,211,206,208,211,214,190,129,114,116,115,110,121,171,191,195,201,203,204,203,207,210,207,206,206,207,204,202,205,210,210,212,216,179,111,110,129,

32,137,197,173,149,143,140,130,137,153,146,148,142,140,121,110,101,103,101,102,106,107,109,110,110,109,108,109,111,111,110,112,111,109,113,114,114,112,110,111,111,110,109,110,110,110,109,108,108,109,106,105,106,105,130,179,185,169,152,129,102,89,76,82,99,120,128,133,133,125,119,115,113,113,112,113,104,87,73,63,56,55,55,62,67,70,79,84,90,94,100,109,112,113,114,112,107,99,89,91,92,93,93,90,88,87,82,76,78,83,89,86,86,94,99,102,91,94,102,126,144,155,172,177,186,199,198,206,206,208,207,203,206,207,205,208,210,210,207,209,210,190,190,211,211,216,205,129,112,116,115,110,124,168,193,194,199,203,203,206,207,208,205,207,209,206,201,205,208,211,209,202,201,184,113,119,

29,120,146,146,147,152,149,141,125,137,134,125,114,108,101,98,102,106,110,109,107,107,108,108,109,109,110,112,113,113,111,111,112,111,112,112,111,110,110,110,109,110,107,109,110,110,105,106,109,110,110,109,109,109,106,123,166,186,173,155,130,93,77,89,103,123,131,135,129,120,114,112,112,112,106,93,82,72,63,58,55,54,55,58,64,65,67,77,83,90,97,104,114,114,116,115,108,88,78,81,83,77,71,63,66,77,89,95,98,96,95,91,92,94,102,107,95,96,108,137,158,170,175,189,205,201,195,205,206,209,207,201,207,206,204,203,210,208,208,206,203,205,207,207,213,211,215,203,136,110,113,113,110,119,157,190,197,198,204,205,206,208,206,207,207,206,203,205,207,210,209,209,205,211,191,162,

27,116,152,154,155,157,130,110,113,122,112,103,104,105,104,103,108,108,109,108,108,108,109,107,109,109,108,110,110,110,111,112,112,112,109,110,111,110,108,109,108,109,107,109,109,109,108,105,108,107,108,107,106,107,109,104,107,144,169,156,118,88,80,92,102,123,133,136,126,116,111,110,107,94,83,71,59,51,67,43,51,53,60,57,62,70,72,75,82,88,96,103,114,117,116,116,108,79,72,71,64,55,51,54,56,56,61,78,92,99,100,99,100,101,104,116,105,100,125,160,172,181,193,202,207,206,204,202,206,209,207,204,208,208,206,203,205,207,209,206,208,206,204,206,211,210,212,213,210,147,108,114,118,116,113,147,176,191,195,201,202,206,206,203,203,204,205,206,207,209,209,210,206,203,208,206,

29,119,154,151,131,123,112,107,111,107,99,102,103,99,103,105,104,108,108,108,105,104,105,105,105,107,108,110,110,110,110,110,112,111,109,109,109,108,106,107,108,109,108,108,110,108,107,105,107,105,107,106,106,107,106,105,103,101,115,126,101,80,76,93,101,126,138,136,123,113,110,104,83,71,59,55,61,57,64,50,52,54,62,54,53,67,76,81,81,87,99,106,114,118,119,120,111,78,66,58,51,46,51,61,62,62,60,59,73,91,99,102,102,103,105,116,113,123,161,175,186,198,203,201,201,204,202,202,206,205,207,198,196,210,209,206,208,206,206,206,207,207,206,206,206,204,213,209,214,216,164,113,116,122,113,113,141,171,189,196,199,201,206,205,204,201,200,208,207,207,209,210,207,207,205,209,

28,109,127,117,113,112,126,121,106,95,89,88,93,95,97,96,94,99,101,102,104,104,104,104,106,106,106,108,109,109,108,109,111,110,109,108,110,110,109,107,105,107,108,107,106,106,108,108,108,107,106,106,105,107,105,106,106,107,104,100,90,72,74,89,101,131,140,136,120,111,103,88,79,77,82,88,91,87,84,81,74,69,64,61,60,69,79,81,83,94,101,112,121,126,123,122,116,88,63,55,49,47,47,47,49,47,50,51,58,69,90,100,102,100,104,112,129,155,147,152,195,199,199,201,199,202,202,205,205,205,208,201,197,206,209,206,210,206,202,207,210,207,209,208,206,209,213,211,208,211,217,178,116,112,115,114,116,135,169,194,197,197,203,205,206,205,205,203,207,208,208,209,206,208,206,207,

28,96,114,119,157,197,199,191,185,149,99,84,83,84,85,85,87,90,91,95,97,98,100,100,101,102,103,104,105,104,108,108,107,106,107,106,107,109,111,109,107,109,109,108,108,107,107,109,107,106,107,107,106,107,107,106,106,107,104,94,82,70,78,85,103,136,142,135,124,110,102,100,100,102,105,106,105,103,100,96,91,87,80,76,77,76,78,87,96,101,109,119,124,129,127,126,122,101,71,59,45,41,44,43,76,44,47,46,53,59,73,96,101,100,103,114,128,121,107,101,126,179,199,198,201,203,201,202,207,207,205,204,205,208,208,207,207,208,205,206,209,209,210,209,209,210,211,213,212,211,210,215,191,133,111,116,118,117,122,158,195,193,196,204,206,206,206,207,207,209,209,208,208,208,203,201,

27,116,178,187,216,205,187,195,215,215,188,121,79,72,72,73,77,80,84,84,89,90,93,96,96,97,99,97,100,104,106,106,103,103,107,105,106,105,107,109,110,109,108,108,107,106,107,110,108,106,104,107,107,105,104,105,107,108,103,95,84,75,81,86,109,138,141,137,132,129,127,121,115,109,109,106,104,100,97,91,87,83,82,82,84,87,96,102,104,107,117,124,127,131,133,130,126,112,85,67,58,51,50,52,56,53,52,52,58,52,59,76,97,96,101,113,110,112,119,107,98,109,161,195,201,201,201,202,207,204,203,203,200,202,206,206,205,207,209,205,205,207,208,208,208,208,211,212,211,212,210,208,212,208,159,107,112,116,111,117,153,186,189,196,201,204,205,206,206,207,208,208,207,206,201,206,

29,136,201,198,211,210,195,198,208,206,208,195,145,93,67,62,65,69,72,74,77,81,83,87,90,92,94,95,98,100,104,103,103,106,105,104,105,105,105,105,107,107,107,108,108,107,106,107,108,108,106,106,107,106,105,104,106,106,121,128,106,78,79,88,115,140,140,139,138,137,136,133,127,118,113,109,105,101,98,97,94,92,92,93,99,109,111,113,115,121,126,128,131,133,138,134,132,120,100,81,67,61,62,69,79,84,81,80,79,77,64,61,81,97,97,110,104,97,109,117,114,104,101,134,187,199,199,199,202,203,205,202,193,195,207,207,209,207,203,201,206,205,207,206,205,207,210,211,209,210,209,208,210,209,210,171,116,108,114,109,100,130,164,192,196,202,203,205,207,207,210,210,207,207,207,209,

29,138,208,206,214,202,184,191,194,189,196,200,192,148,112,79,59,57,61,66,69,72,75,78,80,84,88,90,93,96,97,100,100,101,102,101,103,102,101,103,105,105,105,107,106,106,105,104,106,108,108,107,108,106,104,104,104,111,123,123,120,99,87,90,125,143,143,142,142,140,140,138,136,134,132,124,121,117,113,111,108,106,105,111,115,118,118,118,125,130,130,128,131,135,138,138,133,124,113,97,87,71,66,68,77,87,92,94,95,97,96,77,72,92,102,113,101,99,96,100,114,119,105,96,114,166,198,200,201,204,205,204,196,201,206,206,207,206,199,201,205,206,208,202,206,208,209,209,209,208,207,207,210,209,208,210,187,120,105,115,113,105,139,180,193,198,201,203,206,208,210,212,209,207,210,210,

30,136,209,212,214,196,193,193,196,196,187,187,190,185,172,130,99,68,52,54,58,62,67,71,75,76,78,82,84,90,91,95,95,96,98,99,100,99,100,102,103,103,101,102,103,102,103,105,105,105,106,106,105,105,104,104,104,116,104,100,117,118,102,97,136,143,142,145,144,144,144,141,143,142,138,134,130,128,124,122,118,116,115,118,122,123,124,125,131,133,130,128,132,138,143,144,136,127,120,106,102,94,83,79,80,84,86,86,86,89,91,92,88,92,102,117,99,94,95,95,92,108,119,110,104,104,143,188,199,202,203,203,202,195,201,201,193,207,201,197,203,204,207,206,208,208,209,208,210,211,207,208,211,209,207,204,208,197,136,105,117,114,107,117,170,197,197,199,203,205,208,213,211,209,210,210,

30,136,211,219,199,193,189,190,187,191,188,190,188,183,183,170,134,110,84,62,52,52,56,61,65,68,70,74,78,81,85,88,92,92,93,96,99,98,98,99,98,98,99,99,101,100,102,104,103,102,104,104,102,104,102,104,105,118,104,100,114,120,114,116,142,142,145,147,145,146,146,146,146,145,145,144,139,135,131,125,125,125,125,125,125,126,126,131,134,134,130,131,135,141,145,147,140,128,122,114,107,103,99,92,91,95,95,97,99,100,101,105,109,112,116,118,101,90,88,93,93,94,102,114,115,107,99,119,171,200,200,201,202,194,198,205,206,204,196,206,205,203,205,204,206,208,209,205,206,210,209,205,207,206,206,208,207,210,207,142,106,115,112,111,116,162,192,193,202,205,206,211,211,212,210,208,

32,136,209,208,183,188,188,187,182,190,192,167,185,185,178,182,162,128,114,95,79,59,49,50,54,58,63,67,71,74,76,80,86,86,88,92,93,96,96,99,100,98,97,97,99,100,103,106,106,104,100,102,105,106,106,105,107,117,101,102,122,123,121,128,145,143,146,147,147,147,148,150,148,146,150,147,145,141,136,129,129,130,130,129,127,127,129,130,134,133,132,134,136,151,173,169,149,131,122,121,114,109,107,106,102,101,102,102,105,108,113,115,118,121,125,126,101,94,92,94,89,88,91,99,113,113,110,101,109,154,193,191,200,202,202,204,208,201,207,204,200,202,203,205,202,206,208,207,208,207,208,206,207,205,207,208,211,209,208,210,155,112,112,114,109,109,149,182,194,203,205,210,209,210,210,205,

29,135,211,207,187,189,187,188,188,183,187,177,187,189,188,185,180,151,128,110,103,92,72,56,47,49,52,57,61,66,70,73,78,82,85,87,87,91,92,93,92,93,96,98,97,96,99,99,101,100,101,103,104,106,107,108,109,119,103,107,128,125,124,134,144,144,147,148,149,152,151,149,152,153,152,148,143,141,136,132,128,128,128,129,128,128,128,129,128,130,133,143,163,181,195,189,172,143,125,120,117,112,111,109,112,109,111,113,115,118,122,123,122,124,128,132,117,100,93,93,93,87,89,94,95,99,113,116,109,99,130,179,200,200,201,204,205,205,206,205,201,199,203,204,204,205,206,206,208,207,207,207,206,207,203,207,209,209,209,208,212,176,121,111,114,108,104,134,184,198,202,205,208,207,207,206,

31,136,213,199,183,193,194,191,195,180,177,190,190,189,187,183,175,166,143,128,122,109,98,83,67,54,46,47,52,57,62,66,68,72,78,80,84,86,86,88,88,89,89,94,94,96,97,96,97,99,99,98,99,103,103,101,104,120,104,112,132,134,131,136,146,146,151,151,153,154,153,152,155,153,152,147,145,141,133,130,127,126,125,126,126,127,128,129,128,129,136,164,179,192,197,191,178,158,129,116,117,114,113,110,116,116,117,121,122,125,128,128,126,126,130,133,124,111,94,93,93,93,89,90,90,90,99,113,116,110,102,107,154,196,199,199,203,204,203,203,204,195,196,204,205,204,204,205,206,209,207,206,206,206,203,202,206,207,209,208,210,217,190,127,110,114,108,100,126,175,196,198,204,204,210,209,

30,135,208,198,173,191,188,194,193,193,184,174,185,187,187,187,182,176,168,133,126,120,109,102,90,79,66,53,46,47,52,57,62,65,69,72,75,79,82,83,85,87,88,90,93,94,96,98,94,96,96,95,94,96,98,97,100,121,106,116,138,140,113,124,145,147,152,153,156,156,155,158,155,153,152,148,144,137,133,128,125,124,123,123,124,126,130,130,132,136,158,170,179,187,191,185,174,163,135,114,116,112,111,114,117,118,121,125,128,131,131,131,129,126,131,134,100,109,95,96,95,94,92,88,88,88,90,95,104,118,114,104,98,130,183,197,199,202,202,204,204,199,187,195,205,204,201,202,205,205,207,206,207,204,206,205,204,208,209,209,210,210,217,200,133,111,111,110,103,117,173,191,198,196,182,205,

29,137,205,198,192,193,193,194,189,190,185,179,186,185,185,183,185,184,183,154,129,125,118,113,109,98,85,71,62,53,44,47,52,56,60,63,68,72,75,76,81,84,85,86,89,92,93,95,93,96,96,96,93,94,97,95,96,119,108,121,137,124,88,109,143,149,153,153,158,156,157,157,154,152,150,144,142,135,132,125,122,119,120,120,123,135,140,137,145,161,168,166,174,179,178,171,164,158,140,120,116,109,111,114,119,122,123,126,131,133,132,134,132,129,133,134,94,103,94,95,93,92,95,95,92,86,86,89,87,96,117,113,105,97,111,162,192,198,199,201,202,195,181,175,201,203,201,200,205,206,209,207,205,205,205,204,204,206,210,207,208,209,210,212,205,153,109,110,114,106,107,158,190,194,192,204,

31,134,186,196,195,194,193,193,188,185,190,183,179,183,187,186,186,187,183,172,143,130,123,118,116,109,103,92,81,74,64,51,43,44,51,55,59,63,67,70,74,77,80,81,82,89,91,89,92,95,94,94,93,93,96,95,94,111,113,126,134,109,89,123,143,150,155,157,160,158,160,158,156,151,149,145,142,135,126,119,114,110,112,116,125,133,134,138,153,163,160,162,167,167,165,160,156,152,144,130,124,112,107,110,116,121,125,127,130,132,134,134,134,131,134,133,91,103,93,94,89,93,97,97,96,93,89,85,85,87,91,106,111,108,99,99,138,185,197,198,199,194,200,203,200,195,199,198,204,206,210,208,205,207,206,204,205,206,210,204,206,210,208,210,210,213,179,117,117,118,108,102,146,188,187,192,

31,130,185,199,196,196,198,193,197,192,191,193,188,182,183,190,188,190,180,179,168,135,128,122,118,113,110,104,99,92,81,72,59,49,43,46,51,54,60,65,68,69,72,76,80,83,85,88,87,88,90,90,93,94,95,95,96,100,117,126,129,100,99,142,140,153,162,167,165,166,168,163,154,148,146,142,139,131,119,108,102,105,111,112,115,113,103,98,123,140,144,153,161,161,160,155,153,145,141,147,137,124,105,104,110,120,125,130,132,131,134,134,133,132,134,133,95,104,95,93,89,96,96,98,99,97,93,89,87,89,92,90,97,113,116,107,101,114,167,196,196,199,201,201,195,195,196,196,203,206,205,209,207,208,208,203,205,206,207,207,209,211,210,210,211,207,216,192,129,111,114,111,104,131,178,196,

29,131,199,201,196,196,195,195,192,193,191,192,192,188,186,188,190,190,185,182,181,157,133,128,121,118,115,110,106,102,98,90,73,65,60,48,45,46,50,56,61,63,66,70,72,75,79,82,85,86,87,88,88,89,92,94,95,92,117,128,125,100,109,141,137,154,169,171,169,168,172,169,157,147,142,137,131,122,109,104,113,118,118,116,107,101,84,57,70,112,124,134,150,152,148,150,146,132,128,131,120,121,103,95,104,117,125,129,131,128,131,133,131,133,135,132,96,106,93,93,95,95,95,94,91,92,92,91,91,91,90,88,88,98,113,122,110,97,103,147,188,194,198,198,200,202,196,197,202,201,194,207,205,207,205,201,203,205,205,205,209,210,209,210,211,209,209,213,204,149,109,113,117,112,129,170,

30,133,202,201,197,195,195,196,193,197,195,196,194,191,173,172,189,192,186,180,181,176,140,127,126,121,120,118,113,100,99,100,95,84,74,68,60,47,43,46,51,55,59,62,66,68,71,73,78,81,83,83,85,87,90,91,90,92,112,129,126,106,116,139,137,150,166,166,161,164,170,167,157,146,137,133,123,114,114,123,125,124,125,125,113,100,89,74,58,68,105,122,129,130,129,132,130,120,103,79,87,106,102,92,100,114,124,128,130,130,133,133,134,134,135,124,92,109,96,95,94,96,94,93,93,94,95,94,93,90,88,87,89,91,92,103,117,110,101,100,128,178,198,199,200,200,197,198,201,203,205,206,205,203,204,203,203,203,205,207,207,209,208,205,209,211,210,206,209,212,170,120,116,121,107,109,

29,134,202,202,203,203,200,200,200,198,198,196,195,196,191,178,187,191,187,178,178,178,162,136,129,126,123,118,115,110,105,99,95,95,92,82,74,67,58,47,41,45,51,53,57,62,65,68,73,75,76,78,81,85,88,91,91,92,106,130,134,130,128,129,140,144,155,157,157,162,162,159,154,143,133,129,117,116,125,130,129,127,127,127,126,115,105,96,89,80,78,110,116,114,114,114,116,93,58,66,86,103,110,104,103,111,122,128,130,129,131,133,134,133,135,125,95,110,94,97,95,94,92,93,97,97,95,95,94,92,91,90,92,87,86,87,89,103,113,110,101,108,160,197,198,200,200,195,201,203,206,206,206,206,204,202,201,202,203,204,207,197,205,200,208,208,208,208,208,206,214,194,132,116,112,116,

30,133,202,204,201,203,204,205,202,200,200,191,189,194,193,191,190,189,184,180,183,178,179,157,130,130,120,116,116,114,110,104,101,100,100,94,89,82,71,67,58,46,40,43,48,53,59,65,67,72,74,74,76,78,82,84,89,90,96,127,133,147,139,121,136,140,145,149,157,161,158,156,153,143,131,122,119,127,131,132,133,132,130,129,129,125,120,117,114,110,100,108,111,107,106,106,92,74,76,82,93,107,118,119,111,111,118,127,128,129,131,133,135,134,135,124,104,110,95,96,96,95,93,92,95,94,95,94,94,92,93,90,88,87,87,85,83,86,96,114,111,101,101,135,183,199,197,195,200,205,205,207,206,201,203,201,201,204,187,199,204,200,204,208,209,207,206,208,209,207,206,211,200,142,110,120,

29,134,204,207,205,205,205,204,203,198,199,194,191,197,196,191,186,182,185,180,186,179,178,175,146,133,125,123,118,115,113,107,107,106,103,99,88,86,88,81,72,66,55,45,41,44,47,53,60,63,65,68,71,73,77,80,82,84,89,117,122,139,148,138,136,139,143,145,153,157,154,149,145,139,130,121,125,131,133,133,136,136,134,132,129,129,125,122,117,113,110,107,105,104,104,92,84,95,102,104,110,117,123,128,121,114,115,122,126,131,131,132,133,131,133,121,114,104,97,94,96,96,95,94,95,95,95,94,92,90,91,92,91,90,88,84,84,85,85,91,110,113,106,100,113,165,194,193,198,204,205,204,206,196,200,201,200,202,200,201,203,204,206,206,208,208,209,207,208,210,206,204,211,212,151,110,

29,134,202,203,204,205,198,203,203,199,197,199,202,200,194,194,191,189,186,183,185,182,178,181,170,139,132,132,122,118,117,105,105,109,100,97,84,87,91,90,90,83,71,64,60,48,41,42,49,53,57,62,65,69,71,76,77,80,83,103,133,141,146,138,131,139,144,140,147,152,150,147,141,136,132,124,131,134,135,135,137,136,137,135,132,129,128,123,118,112,106,100,98,99,97,94,102,108,113,116,119,124,128,130,128,121,118,123,127,131,130,132,135,131,130,123,115,100,97,93,96,98,94,95,99,95,91,93,92,91,91,93,93,91,90,89,85,87,89,81,83,102,114,110,102,104,141,184,195,201,204,202,203,206,202,199,198,202,200,200,201,204,205,207,208,208,206,206,211,208,208,206,208,210,206,185,

30,134,205,202,202,202,197,199,199,201,192,193,199,200,199,200,198,192,190,184,179,178,180,183,182,159,126,132,127,123,122,115,112,111,109,94,91,96,90,89,90,89,87,78,72,64,58,49,42,43,46,49,54,60,65,68,73,78,85,92,136,145,140,135,136,140,144,140,143,154,152,147,140,144,139,129,138,137,137,139,139,139,142,140,137,135,135,133,120,107,98,95,94,93,96,101,109,114,118,121,125,130,133,133,132,128,123,121,125,127,129,133,136,132,123,126,108,94,95,96,97,95,94,91,92,92,93,93,92,94,95,96,94,93,89,88,86,88,90,87,86,86,94,114,117,105,98,123,173,201,201,202,204,206,202,202,197,198,200,195,201,202,203,205,208,206,208,209,203,206,208,211,211,208,209,218,

30,137,206,201,205,205,202,204,199,198,198,196,197,201,201,199,194,196,193,189,184,185,185,186,176,177,151,136,133,129,124,121,116,112,109,106,101,101,99,91,88,92,90,88,84,76,68,62,56,47,41,41,45,49,56,60,66,77,86,83,123,149,143,145,148,137,144,141,143,153,151,150,145,152,145,138,144,141,139,141,141,141,142,142,148,157,165,168,149,118,99,91,89,92,101,106,114,118,122,126,129,132,136,136,134,134,130,123,123,123,127,133,134,129,128,124,101,95,98,97,91,82,91,94,91,91,94,95,96,95,97,96,94,93,92,90,89,92,92,94,90,89,90,94,111,118,110,102,105,151,198,202,202,204,204,202,198,197,198,200,198,201,203,204,206,207,208,207,200,209,208,209,208,209,212,210,

30,134,203,202,205,195,194,203,200,199,200,200,198,200,200,196,192,188,184,180,188,187,187,187,177,175,168,141,133,132,125,126,123,115,110,109,106,104,102,99,97,94,90,80,89,85,83,76,69,63,57,48,40,42,48,54,64,76,82,81,98,143,144,146,140,123,141,143,142,150,153,157,155,160,153,154,152,145,141,141,140,140,142,141,150,148,146,145,144,136,121,114,108,110,112,117,119,123,128,135,147,141,138,138,136,137,131,127,123,119,130,135,134,130,132,115,98,97,97,96,93,89,95,94,92,92,95,99,97,95,95,94,93,91,92,92,93,93,93,92,93,92,90,91,92,105,118,117,105,100,132,184,201,202,202,195,198,199,199,199,197,198,202,205,206,206,206,200,207,209,211,210,209,210,210,209,

31,134,206,207,205,208,206,204,202,201,204,201,201,200,198,196,197,194,190,190,192,182,184,184,186,182,183,162,137,133,122,127,120,121,117,113,111,106,104,101,99,96,93,90,92,90,88,88,82,73,68,65,58,50,62,58,61,77,79,80,79,119,137,135,123,102,138,150,143,149,153,158,162,162,162,162,162,153,144,139,137,136,127,113,120,125,130,128,124,119,112,115,115,117,112,115,120,124,128,146,164,161,148,137,141,141,136,133,125,123,132,136,134,131,133,103,95,98,98,96,98,99,98,95,92,89,93,95,96,96,96,95,94,95,93,95,96,94,93,89,91,93,92,88,94,91,96,110,120,111,100,111,165,199,199,197,197,199,201,199,199,200,200,200,204,207,204,203,205,208,208,210,204,209,211,212,

30,136,206,209,207,210,209,206,206,192,195,202,201,201,197,197,201,201,196,194,195,187,183,182,184,183,183,181,149,136,131,131,126,123,120,116,113,111,107,106,103,100,96,97,95,91,92,89,85,79,79,75,69,64,75,79,66,72,77,80,76,84,111,119,109,94,132,154,149,148,154,158,164,167,171,165,160,152,139,130,121,112,99,92,97,107,115,117,119,119,109,98,97,95,97,101,104,106,119,142,154,156,149,133,143,143,140,137,130,126,133,137,131,130,131,100,96,95,90,82,82,84,85,84,85,79,80,95,96,95,93,93,91,94,94,95,95,97,97,94,93,92,90,89,90,89,89,89,100,114,110,102,102,140,190,199,197,196,195,196,194,197,195,200,204,205,206,207,206,209,208,209,208,208,210,213,

31,136,208,209,208,208,210,205,202,206,190,199,197,199,199,199,198,198,197,195,196,198,194,192,187,181,182,180,166,130,132,131,130,124,123,121,116,114,112,110,107,104,101,99,96,93,91,90,87,82,82,81,80,77,78,88,88,80,84,81,77,69,68,72,94,105,130,153,154,146,153,158,168,172,171,169,154,141,126,107,95,80,74,90,105,103,106,103,99,98,93,87,86,89,92,90,91,96,103,110,116,124,126,143,149,144,140,138,135,132,135,135,131,133,122,95,92,80,80,81,77,79,77,74,76,76,78,86,89,84,73,74,78,93,94,93,94,94,96,97,94,94,92,93,90,89,89,89,87,91,105,113,108,97,120,171,195,195,194,196,195,198,200,203,200,201,199,204,205,207,208,209,208,204,209,213,

31,137,210,209,208,209,209,208,208,206,197,200,197,199,199,199,199,195,194,195,194,193,195,197,194,183,182,181,174,156,134,133,130,127,122,121,120,118,115,101,107,97,106,104,102,99,95,92,90,87,86,86,85,87,86,82,89,90,89,81,77,70,60,60,93,112,130,152,157,151,155,162,169,175,175,168,152,143,141,117,109,113,131,152,165,168,166,167,160,144,129,103,93,88,86,85,81,77,78,83,91,96,122,143,146,155,147,140,135,134,135,133,129,136,116,91,88,87,86,83,83,85,81,81,80,86,87,78,75,72,72,67,77,93,93,95,94,96,97,98,96,97,95,92,90,90,89,90,89,87,91,95,113,112,102,104,150,190,196,199,196,198,199,201,204,203,202,203,201,201,203,206,209,208,208,208,

30,135,211,210,206,208,206,208,208,206,206,204,181,193,198,199,198,196,195,197,196,194,196,198,194,190,183,184,183,182,151,137,132,131,129,119,120,118,117,109,110,107,109,107,102,102,98,95,91,88,86,81,87,89,88,86,88,84,84,81,74,68,61,58,93,124,133,149,157,152,157,162,163,170,174,168,155,149,153,164,163,155,152,152,160,161,163,175,181,185,177,160,163,148,135,130,129,120,120,103,82,89,115,122,135,150,153,142,136,135,137,134,129,125,106,91,89,89,88,86,84,82,83,84,83,86,89,82,78,75,73,77,91,92,91,90,86,82,83,86,85,86,89,90,91,93,90,90,93,90,91,89,93,107,115,105,98,128,185,198,196,196,198,200,203,204,202,201,200,203,205,205,204,207,208,210,

29,134,206,211,207,204,206,207,207,206,206,201,181,192,201,198,197,199,196,198,198,199,198,194,194,194,189,187,188,185,174,145,137,129,121,115,116,115,117,115,115,111,111,108,103,103,102,98,94,91,89,86,88,93,95,94,95,90,88,82,77,69,63,57,92,137,137,146,158,155,153,160,158,162,169,167,158,153,156,166,159,149,149,144,146,148,147,152,162,169,178,183,180,175,161,154,153,161,165,161,137,96,80,97,121,142,147,144,136,135,135,133,124,106,93,90,88,90,87,89,90,86,83,84,84,84,84,84,80,79,84,92,92,88,80,78,75,78,78,79,75,71,78,89,86,87,93,93,91,89,90,93,90,89,102,114,109,99,112,164,193,194,193,199,202,200,202,200,200,203,205,205,203,206,207,209,

29,134,211,214,210,207,206,205,206,207,206,199,196,199,200,197,201,202,199,200,201,200,200,196,196,194,191,189,191,189,186,166,137,128,120,121,123,121,121,119,106,114,113,110,107,106,104,102,97,94,94,92,93,95,98,99,100,92,86,86,81,75,71,62,89,144,140,141,157,161,151,157,158,158,163,162,161,158,163,166,165,159,152,151,151,149,147,148,153,152,152,150,147,146,141,138,136,138,143,149,145,140,116,109,124,133,140,149,140,135,133,132,116,93,92,90,90,91,87,89,92,87,84,86,82,80,86,84,84,89,90,90,84,76,72,75,75,77,79,76,73,74,76,76,75,83,92,93,92,94,93,92,90,90,88,93,110,116,109,104,137,184,194,197,202,200,200,198,201,205,204,206,205,204,206,207,

32,137,210,213,212,207,208,203,198,204,204,202,202,201,203,202,202,201,200,201,200,198,199,199,196,196,193,188,189,190,186,182,152,136,134,133,130,126,124,115,105,116,115,111,109,109,106,102,101,98,97,96,97,96,98,95,95,92,85,80,78,75,68,62,87,146,142,138,149,161,152,152,158,159,160,158,158,161,166,166,165,163,156,152,145,139,136,137,134,136,139,134,130,128,131,128,131,131,136,139,139,143,154,157,147,138,141,151,144,135,132,131,107,91,94,90,91,90,90,92,90,87,85,84,82,81,86,84,87,94,91,82,80,81,77,76,76,77,79,77,78,82,75,72,74,80,93,99,97,95,93,89,87,89,91,90,95,110,125,114,97,113,167,191,198,200,201,199,199,204,201,203,206,200,198,202,

30,137,208,203,205,201,208,205,202,205,202,205,206,200,200,202,201,202,199,200,201,201,201,199,197,196,197,192,191,190,188,188,181,146,139,136,132,129,125,123,121,118,118,117,115,113,107,103,102,98,100,99,98,97,97,94,93,90,89,85,80,75,67,64,85,145,142,136,141,156,153,147,157,160,160,159,157,162,163,166,163,164,160,153,149,140,132,122,116,113,114,113,112,112,114,114,117,119,124,132,137,145,154,158,155,150,151,150,141,131,130,132,101,92,92,93,91,92,94,93,92,91,89,88,91,90,87,87,93,94,87,83,82,83,83,81,78,79,79,78,80,86,82,76,71,78,92,97,100,95,94,92,90,88,91,90,96,95,100,116,114,103,103,142,181,191,197,198,196,198,200,191,200,202,202,206,

31,136,206,209,209,203,203,205,204,208,203,203,201,203,201,200,202,202,197,203,203,199,201,200,199,193,190,192,190,188,188,187,187,167,140,134,134,131,128,126,125,121,120,119,115,114,109,104,93,101,100,101,102,100,98,97,93,92,93,88,82,79,70,64,79,143,141,132,135,148,153,144,150,157,159,164,160,159,158,161,159,154,153,152,145,139,136,128,117,111,109,110,110,110,111,112,117,123,128,135,141,145,153,161,159,153,149,141,135,129,130,131,97,93,94,95,93,91,90,93,92,93,91,91,89,89,91,92,91,87,83,83,82,79,80,81,81,84,83,82,82,82,82,78,75,77,81,94,96,97,95,93,91,88,86,85,90,94,87,89,109,116,106,102,122,170,194,195,198,198,198,201,197,201,203,205,

30,135,208,210,204,209,209,207,208,208,203,204,202,204,198,196,202,199,200,200,204,199,198,200,200,193,181,183,191,190,187,187,185,176,147,132,137,133,132,129,129,121,115,113,118,116,112,107,99,103,103,104,107,107,105,101,98,95,92,88,84,80,77,73,116,151,142,122,128,135,149,146,145,151,158,162,161,157,158,162,160,152,149,151,146,142,134,129,123,115,112,111,110,112,115,117,122,129,132,141,145,146,150,154,153,153,146,135,130,128,130,123,95,94,93,93,92,93,93,93,93,94,93,93,94,93,92,92,89,87,86,85,86,86,83,84,83,82,81,80,81,80,82,82,75,73,83,98,97,97,95,93,92,93,88,87,87,86,89,89,83,97,114,114,105,104,146,181,193,197,196,197,201,202,202,206,

29,134,206,205,204,208,207,209,205,206,207,206,207,205,198,200,201,187,198,199,204,195,198,199,204,195,188,194,192,188,186,187,183,180,161,137,141,139,135,133,129,120,111,116,120,120,109,102,102,106,104,106,107,104,104,104,102,100,96,92,91,90,84,95,144,142,147,107,121,131,144,142,138,147,152,157,162,161,158,160,159,156,153,152,152,144,139,135,130,126,119,115,116,117,119,125,132,136,139,140,141,148,153,151,151,151,144,135,128,127,127,115,93,93,94,94,95,95,95,94,92,94,95,95,93,95,90,89,89,89,88,88,89,88,86,84,84,83,86,83,79,81,82,81,75,73,82,87,82,79,87,91,93,92,91,90,88,87,86,85,84,88,89,104,112,103,96,122,174,193,195,197,199,199,199,200,

31,135,205,208,209,203,201,209,204,206,205,201,202,204,204,205,203,201,202,202,204,201,200,201,201,200,198,195,194,187,191,189,187,183,174,162,143,140,138,134,133,128,124,124,124,121,113,107,106,110,108,106,108,106,105,105,102,99,97,96,96,94,88,109,144,135,149,103,103,125,135,141,134,140,151,158,166,167,162,157,157,157,159,155,155,153,151,145,139,134,129,127,128,130,135,142,147,145,144,145,145,147,150,147,148,148,146,135,128,125,125,104,92,94,94,91,92,93,94,96,94,95,95,93,93,94,92,93,94,90,91,93,91,90,89,88,85,86,87,88,88,89,84,83,80,81,80,73,69,72,78,85,89,90,98,99,91,86,88,88,86,91,88,85,97,111,108,99,106,150,190,194,197,201,199,200,

31,136,203,205,209,205,202,209,202,206,205,208,205,206,206,202,203,205,205,205,204,202,201,202,201,198,184,187,197,192,192,190,192,189,185,184,154,139,138,136,134,130,127,129,127,123,117,113,111,113,114,110,109,107,108,108,109,106,102,99,97,96,90,122,147,140,153,120,85,113,124,135,130,134,145,158,164,167,162,157,157,158,158,158,164,160,152,153,151,150,151,154,152,148,149,151,152,152,152,148,147,144,146,149,144,143,140,131,122,122,120,98,91,94,93,92,92,92,94,94,94,94,94,94,95,94,93,91,92,90,92,91,90,89,88,88,84,88,90,89,89,89,84,81,86,83,76,73,71,82,90,91,92,90,87,94,97,90,89,89,90,92,94,91,88,97,107,112,103,101,134,178,194,195,194,197,

31,135,203,204,205,207,202,191,206,206,208,205,204,207,204,203,204,202,204,206,205,203,204,200,199,204,199,195,189,190,192,192,190,185,185,185,175,146,140,135,131,125,130,131,129,128,124,116,112,116,116,114,107,104,109,108,109,106,106,100,97,97,95,133,148,140,158,143,86,93,116,127,127,128,138,153,160,165,162,159,154,153,159,163,167,170,173,171,171,170,167,166,167,168,169,168,161,161,155,153,152,143,144,145,146,143,137,125,119,120,113,93,91,90,92,95,94,95,95,93,92,93,93,94,94,95,94,94,94,96,93,92,90,90,92,90,89,92,92,87,82,83,85,83,78,78,75,74,72,73,74,72,77,84,88,88,92,93,93,92,90,89,90,92,91,87,85,96,110,110,102,112,160,191,195,199,

29,134,203,207,205,205,205,203,206,204,207,207,204,206,201,203,201,201,203,206,183,182,203,200,203,203,201,196,192,195,194,196,191,181,181,185,186,164,142,136,131,129,131,133,131,129,128,125,122,121,117,115,112,102,106,109,108,106,103,98,99,100,101,136,149,141,157,156,115,73,106,115,123,125,133,149,160,163,166,163,161,158,159,166,168,172,175,178,176,174,174,173,176,176,180,178,173,169,165,161,152,148,148,146,147,141,130,119,116,120,101,89,89,88,88,93,94,94,92,94,94,93,94,95,96,95,96,95,94,93,94,91,92,92,93,91,92,92,89,90,87,87,89,85,82,81,80,79,76,74,74,72,68,81,89,91,93,96,94,93,90,91,92,90,91,87,87,86,93,108,114,104,100,134,181,196,

30,135,198,209,207,203,205,204,202,206,208,205,203,203,204,205,199,201,203,203,201,201,202,204,202,203,200,199,197,197,195,195,191,183,180,183,186,185,156,142,138,128,131,133,131,128,127,125,126,126,121,118,112,109,104,107,110,110,107,105,102,96,98,134,146,141,140,164,150,85,84,112,120,122,127,141,155,158,159,163,161,164,163,165,165,167,167,174,174,172,172,171,173,174,177,175,178,173,165,157,153,150,151,150,147,135,124,114,116,113,87,85,85,88,86,88,90,92,92,92,94,95,95,94,94,95,95,94,95,95,95,93,91,91,93,92,93,90,91,89,88,86,84,81,81,80,80,83,83,83,80,79,76,77,91,92,93,94,93,92,95,96,96,94,91,90,85,87,88,90,98,111,112,99,115,161,

32,136,200,194,198,201,200,204,207,202,204,207,205,203,204,203,201,200,200,204,202,202,202,204,204,201,201,199,199,197,195,197,190,190,188,190,186,189,177,149,143,137,133,133,129,127,124,124,125,127,125,123,121,116,107,111,112,111,111,111,104,96,98,130,144,142,117,129,166,130,70,93,113,116,117,128,143,152,158,164,167,166,166,165,165,164,165,168,172,169,166,167,170,171,176,175,174,170,163,159,155,152,150,147,141,131,118,112,116,113,86,84,84,86,84,85,89,91,89,90,91,92,92,92,89,91,92,93,95,95,95,95,93,93,93,91,89,90,87,88,90,88,87,87,84,82,81,84,85,84,80,76,74,81,92,96,91,93,96,94,95,97,95,93,90,91,90,90,88,89,87,90,109,112,102,102,

32,135,208,202,196,205,206,205,200,197,207,208,206,202,202,202,204,203,201,202,202,202,203,203,204,203,200,197,196,198,198,196,192,194,193,191,190,190,187,166,143,143,140,136,130,130,127,126,122,127,121,125,123,121,117,115,116,114,111,112,106,104,105,122,142,139,116,96,146,168,110,72,97,107,109,115,131,146,155,157,160,162,162,163,162,160,164,164,167,160,159,164,168,171,168,167,165,163,159,152,154,151,148,143,133,125,114,112,116,122,84,84,85,85,88,88,87,89,91,91,90,91,90,90,86,88,87,89,91,92,93,90,92,93,90,89,90,88,86,85,87,84,86,84,84,85,85,84,84,86,82,78,73,83,93,95,90,94,97,91,86,85,94,94,95,91,90,92,89,88,87,85,87,99,111,117,

30,124,197,211,209,209,203,203,198,201,208,207,205,207,195,198,203,203,205,204,204,200,202,204,202,202,202,201,198,198,198,192,188,186,190,188,193,192,188,185,156,144,142,139,134,133,128,128,125,129,123,124,122,119,120,119,121,119,113,110,109,109,108,113,137,139,120,97,102,155,165,118,97,104,101,106,119,131,147,153,151,154,161,166,158,156,161,162,162,155,152,153,157,163,162,157,158,153,150,151,152,149,144,140,130,118,109,109,120,124,86,87,87,87,88,87,86,85,87,88,89,88,86,86,84,82,83,81,85,85,85,86,85,86,91,90,88,87,85,82,80,82,86,89,86,87,86,83,81,87,87,83,77,90,97,93,87,89,84,86,87,85,90,91,93,82,84,92,92,93,88,84,86,89,93,109,

30,126,189,205,207,208,205,199,204,207,207,206,202,204,202,203,203,204,207,206,202,203,202,202,202,202,205,202,200,198,198,194,190,188,186,189,194,194,189,192,181,150,144,142,140,137,132,131,130,131,130,128,127,122,120,123,124,120,117,99,104,109,109,105,125,136,120,98,89,102,135,143,136,142,106,96,107,117,131,142,147,146,152,157,158,158,155,159,157,153,148,150,154,152,153,154,150,149,147,143,146,144,136,130,119,109,107,109,129,122,87,83,84,86,85,87,86,85,85,85,87,86,87,86,86,84,80,81,80,81,79,82,80,85,89,86,82,80,84,82,80,82,88,87,85,85,86,83,85,85,82,80,85,92,92,90,92,87,78,81,89,92,88,91,89,88,89,91,92,93,90,89,91,90,87,90,

30,135,203,205,206,208,205,205,208,209,206,204,204,204,204,203,204,204,204,205,204,206,205,201,202,202,205,203,201,199,200,197,187,187,196,194,190,190,191,187,185,168,146,144,143,137,132,131,132,133,130,131,130,129,124,126,125,118,121,110,107,111,112,110,119,134,122,98,90,84,89,100,96,113,122,87,93,104,113,125,136,140,143,146,154,153,148,150,154,155,155,156,154,150,151,150,145,150,146,140,137,137,132,122,109,103,103,116,133,119,81,81,82,82,85,87,85,85,85,83,85,85,84,81,84,81,78,75,75,79,83,84,83,85,86,84,84,87,91,92,89,89,89,87,88,87,86,83,84,84,82,85,94,95,84,87,90,89,89,88,89,93,90,92,86,74,74,83,92,94,94,91,92,91,90,93,

30,135,203,204,204,204,203,209,210,209,208,205,205,205,202,202,203,202,204,204,206,207,204,203,204,205,205,201,201,199,200,197,191,191,195,194,193,187,191,189,187,186,159,146,143,139,135,138,138,133,131,132,131,130,127,127,126,124,121,119,113,112,116,116,118,133,125,100,92,84,81,90,100,94,114,107,79,89,97,110,121,134,138,139,145,144,141,142,147,149,153,153,148,144,145,143,139,140,136,132,130,127,121,109,103,101,107,125,134,117,76,79,77,80,84,84,82,85,84,84,82,78,76,76,75,73,74,75,76,80,85,85,87,85,87,86,87,90,90,89,88,88,87,88,89,87,87,83,83,84,85,93,97,93,84,86,90,89,84,85,88,84,86,85,79,77,79,87,92,89,89,93,94,92,91,92,

31,137,201,202,205,207,204,207,210,209,205,206,203,204,207,199,201,204,203,203,203,205,205,204,204,205,206,202,202,201,201,198,195,196,195,191,184,193,190,190,189,191,181,149,143,138,135,140,139,132,131,134,133,132,129,127,126,125,123,122,122,118,119,117,118,127,122,103,92,83,82,84,90,95,97,111,102,76,87,93,102,118,127,129,130,129,131,132,133,137,138,144,144,140,135,135,133,128,126,125,120,113,105,99,96,99,116,126,135,115,74,75,75,78,79,78,77,79,76,74,69,70,72,72,70,74,73,74,75,78,79,80,79,80,81,85,88,88,89,87,83,85,84,84,85,84,84,84,85,86,88,95,97,94,89,88,87,84,84,83,88,87,85,85,88,82,75,76,81,83,85,89,91,92,91,91,

31,135,209,209,204,207,207,209,210,208,203,205,206,203,195,205,207,204,204,205,205,203,204,202,202,202,202,193,196,203,201,198,197,196,197,199,193,194,194,190,191,189,189,169,142,143,141,137,140,135,132,136,135,133,131,130,128,127,126,122,122,121,121,118,117,126,120,108,95,82,79,83,89,88,91,98,114,103,74,81,88,99,112,120,120,119,119,118,119,123,124,126,126,125,124,122,122,115,117,118,107,101,94,94,93,105,121,127,136,109,66,65,67,71,71,72,75,76,71,68,67,68,71,73,73,75,76,77,76,77,78,83,82,82,83,82,84,85,85,81,82,84,89,88,90,92,89,88,88,91,93,99,101,99,98,99,91,87,86,86,87,85,84,84,92,89,81,85,90,89,90,93,94,94,91,92,

30,136,207,209,205,207,207,206,207,205,205,205,207,205,199,207,206,206,206,207,206,205,205,203,204,202,199,195,200,202,201,198,195,195,194,198,197,194,192,191,193,193,192,188,159,143,142,138,139,139,138,137,136,134,132,130,122,132,130,123,122,123,120,127,129,121,115,112,98,87,80,81,85,86,83,89,96,112,100,69,74,80,93,103,108,110,108,108,106,108,108,108,106,107,107,106,104,103,105,105,97,91,89,89,98,113,123,129,136,105,66,65,64,65,66,66,68,70,69,67,66,71,71,70,73,73,72,77,81,83,81,81,85,84,83,78,77,80,83,85,86,89,91,91,89,90,90,95,96,99,101,102,103,102,102,100,93,89,86,89,90,88,84,82,85,92,85,89,92,94,94,91,92,92,92,94,

30,135,206,206,201,202,204,206,207,202,206,204,205,207,204,195,205,205,204,200,204,203,202,203,206,208,203,201,196,196,200,198,196,198,194,195,196,194,190,193,191,194,192,189,182,151,145,143,142,138,136,138,134,134,133,132,129,131,132,128,125,124,119,143,162,153,139,117,98,87,81,81,81,84,84,80,88,96,112,101,64,66,73,86,94,98,102,98,96,98,97,95,96,95,95,95,95,93,93,90,87,87,86,92,108,118,125,131,137,97,53,55,55,61,63,63,68,68,71,74,76,78,74,73,75,74,75,76,78,78,79,79,81,74,72,73,76,81,83,81,85,85,84,86,86,87,88,96,99,98,101,101,100,98,95,98,89,90,85,85,89,84,83,86,85,87,87,89,93,93,92,91,92,90,92,95,

31,137,207,204,201,200,197,203,206,207,207,205,206,206,204,196,204,205,204,207,206,203,205,204,202,206,203,202,201,201,200,196,197,198,198,197,196,194,189,195,193,193,191,189,191,167,150,147,143,140,140,138,134,136,134,133,132,130,131,128,125,130,154,154,139,152,160,147,122,103,80,79,81,81,80,78,80,87,93,113,96,57,60,68,78,82,87,89,90,91,89,89,88,88,89,86,85,81,80,79,80,81,90,102,111,120,126,131,138,89,40,43,45,51,54,58,58,61,65,69,73,74,76,77,79,80,81,76,78,77,73,71,72,76,74,75,76,80,83,82,82,83,81,82,85,87,90,90,91,95,98,92,88,90,94,91,90,88,84,84,82,82,81,80,83,91,93,95,100,96,93,95,92,91,91,92,

32,134,204,203,202,208,205,199,202,205,206,206,203,205,205,201,203,202,205,203,207,205,202,202,206,205,203,199,202,201,199,199,198,194,201,199,199,196,187,194,193,195,194,188,188,182,165,147,145,143,142,137,136,134,135,135,135,131,132,129,125,138,160,160,151,139,142,146,130,123,109,92,80,77,78,79,78,80,84,91,106,94,54,57,61,67,76,80,82,81,81,82,80,82,81,78,76,72,75,77,77,88,102,107,114,122,126,131,136,108,77,59,42,39,43,50,55,58,60,60,62,65,68,70,72,74,79,78,77,77,75,77,78,75,81,81,79,79,85,83,80,81,83,85,84,81,80,80,81,83,92,91,85,85,90,91,91,88,86,84,83,84,79,79,90,96,96,99,99,96,95,91,88,87,95,112,

31,134,203,207,205,208,206,205,208,208,207,205,204,204,203,203,202,203,197,196,202,204,202,197,199,202,199,197,199,201,198,197,180,194,200,190,192,195,196,194,197,193,195,193,191,187,182,153,145,146,143,140,138,137,131,134,135,134,133,128,128,132,139,140,149,152,144,140,127,119,119,117,107,91,78,73,74,76,77,82,89,107,88,52,54,57,65,70,71,73,73,74,74,72,74,73,73,74,73,77,89,102,107,111,118,127,130,133,134,102,86,96,95,72,43,38,45,51,54,56,59,61,64,67,68,70,71,68,72,79,79,81,87,82,82,87,88,86,86,84,79,79,82,84,84,86,83,80,82,86,91,91,88,85,84,89,83,81,84,82,85,87,91,92,93,95,92,91,89,89,91,106,138,173,198,213,

29,134,203,207,206,208,206,206,209,207,205,207,206,205,205,201,202,202,203,204,198,199,203,198,199,203,201,198,199,202,191,197,198,197,193,194,190,196,197,195,197,195,194,193,190,187,188,168,146,144,142,141,141,139,136,135,136,137,136,131,132,135,129,118,124,138,150,149,140,116,115,114,112,113,112,94,80,73,72,75,78,84,111,79,51,53,56,61,69,73,72,72,71,70,72,70,71,72,75,90,103,108,109,116,123,129,134,135,134,92,73,80,89,103,102,64,38,39,43,49,51,52,57,64,66,65,67,71,74,73,76,76,83,89,85,90,90,89,88,85,79,79,80,81,79,80,79,82,85,83,89,88,82,82,79,87,82,79,83,94,95,95,95,91,89,85,91,99,88,92,119,160,222,220,219,220,

31,137,206,207,208,211,207,205,206,204,203,205,208,203,202,194,199,201,203,200,186,202,202,201,203,202,200,196,202,199,195,198,197,198,199,197,192,198,183,192,199,196,198,196,192,185,183,172,158,149,146,140,141,141,140,138,134,135,136,140,161,167,157,157,149,135,145,144,149,130,116,110,109,107,116,110,107,100,88,85,76,73,81,102,53,44,48,50,56,61,65,66,66,65,63,63,66,76,90,102,107,112,116,120,127,132,135,135,131,84,67,75,84,93,105,115,90,47,39,46,56,77,81,62,59,63,68,66,70,75,76,74,73,77,81,86,88,89,89,82,71,73,74,76,77,76,75,81,80,79,80,82,84,81,86,92,88,90,93,93,89,86,92,110,111,137,147,112,115,127,133,156,214,216,218,218,

29,135,202,204,208,210,208,205,205,204,205,206,205,202,203,198,203,199,204,204,201,198,195,201,204,197,199,195,203,199,199,199,198,200,199,198,193,196,197,200,198,197,198,193,191,190,177,179,175,152,147,144,140,139,137,139,142,139,144,162,161,166,168,170,169,155,152,141,146,148,126,119,115,104,103,103,110,109,110,108,114,125,136,145,123,100,81,75,70,70,63,53,58,62,66,73,82,93,101,108,111,116,121,127,132,134,136,134,128,79,65,70,81,91,100,109,120,110,61,78,101,130,111,114,101,87,65,64,69,73,72,72,74,76,78,81,83,85,86,87,78,73,77,81,79,80,80,80,78,80,81,77,87,93,91,90,88,84,88,104,128,164,195,187,170,157,104,105,194,144,134,146,208,218,220,221,

28,135,201,201,204,206,206,205,202,207,208,207,207,206,206,206,202,196,205,199,194,197,199,202,203,203,202,201,201,201,196,200,203,200,198,196,193,197,200,199,196,195,198,193,192,191,184,184,183,169,151,147,145,140,137,142,143,140,164,166,150,149,168,169,175,177,158,143,139,152,130,124,116,122,115,104,103,102,107,106,124,134,145,147,152,157,154,156,154,147,157,137,76,75,84,91,97,104,109,113,114,118,125,131,133,136,136,135,123,75,64,68,80,90,99,107,117,131,123,73,54,98,104,127,156,200,108,75,64,66,69,72,74,75,76,78,80,82,84,88,87,81,79,90,85,84,92,87,87,88,89,88,87,82,83,90,101,126,189,209,224,224,193,169,141,106,111,90,147,142,133,140,201,221,220,202,

32,137,201,204,207,207,205,206,208,207,206,206,205,205,201,205,200,201,197,194,197,200,195,201,202,201,198,198,200,202,199,198,201,198,198,190,189,198,200,199,198,197,197,196,194,190,192,187,188,187,165,148,147,145,145,146,142,159,181,169,160,147,160,162,157,163,149,143,143,152,141,118,120,127,118,116,128,113,111,111,128,129,129,134,129,123,127,122,122,142,136,167,146,88,89,97,105,110,113,114,117,124,129,131,134,135,135,132,118,67,63,68,82,92,102,123,142,145,143,119,68,53,51,105,163,173,129,127,113,77,64,64,67,68,74,75,75,76,80,83,80,83,86,89,90,89,94,89,78,81,79,81,103,146,185,148,178,190,221,221,216,183,165,131,107,188,217,107,101,132,131,137,195,221,166,132,

31,135,202,204,208,205,205,205,205,204,207,208,206,207,205,204,203,206,199,200,198,199,200,202,201,200,200,203,199,201,204,201,199,200,196,191,189,197,196,200,197,197,196,192,182,188,192,188,189,187,180,156,150,147,145,142,158,177,174,171,167,148,144,153,142,127,131,145,143,143,142,120,127,125,123,126,145,126,135,136,144,145,145,159,154,148,146,139,139,154,145,138,180,150,96,100,105,111,114,116,122,125,128,130,135,135,134,129,111,62,62,69,82,94,120,144,149,144,140,129,78,67,66,55,59,94,120,129,120,126,123,90,61,63,68,71,72,71,75,77,77,79,83,83,78,78,79,82,97,108,147,125,163,226,225,169,163,185,223,210,167,163,120,116,183,226,225,195,91,111,126,133,180,169,149,161,

29,134,202,204,205,201,204,207,204,203,199,208,207,206,207,205,203,200,199,203,202,201,202,201,200,201,200,200,174,196,198,198,198,197,196,192,191,195,198,198,196,195,197,184,157,191,189,187,190,184,176,160,148,147,154,155,166,175,171,170,168,156,140,161,158,151,158,162,138,130,132,135,143,136,136,144,163,148,145,136,130,134,147,151,146,133,129,147,158,151,151,127,160,170,120,106,111,113,117,119,120,122,127,131,134,134,133,126,105,59,57,67,83,114,143,145,147,139,129,112,78,67,68,69,68,60,56,80,105,122,163,157,113,95,73,65,64,69,70,72,73,72,74,79,93,105,128,152,177,161,160,139,159,218,220,183,139,170,205,173,151,109,135,209,199,221,220,229,168,123,158,167,170,167,168,169,

29,131,198,205,204,202,202,203,204,204,204,203,199,203,207,204,206,207,207,200,199,201,202,201,201,201,198,199,192,198,198,199,200,196,196,198,195,199,203,197,194,194,194,194,191,193,185,183,184,167,150,139,135,138,152,163,159,164,165,167,167,165,147,156,156,164,170,161,172,138,130,151,150,140,137,137,148,160,148,148,147,154,157,145,141,134,143,155,147,140,139,125,139,160,137,110,112,113,116,118,121,125,129,132,134,133,130,123,103,57,55,66,110,142,148,146,142,133,109,87,76,68,66,68,70,74,72,63,57,66,115,141,128,144,139,122,77,69,72,69,87,103,112,182,215,168,149,181,183,159,125,132,149,208,222,186,133,161,169,151,107,153,220,218,195,206,197,184,174,169,168,168,167,166,166,169,

30,134,203,206,205,205,205,203,193,203,203,203,201,204,203,199,204,207,206,204,203,201,203,201,199,197,195,200,203,196,195,195,196,196,193,192,191,195,193,188,185,185,178,176,172,168,170,177,169,152,138,130,132,145,161,170,163,148,151,155,166,169,155,147,146,156,162,162,158,147,155,156,146,134,121,119,140,145,149,153,167,162,147,132,131,145,162,154,143,140,136,125,126,147,144,112,113,115,118,121,124,126,129,131,131,130,126,120,102,54,58,105,138,132,132,140,139,126,126,102,81,72,67,68,74,76,75,76,74,66,56,75,90,147,149,141,155,153,107,127,208,186,143,207,226,176,143,181,182,158,104,115,128,189,225,194,158,170,148,114,160,206,191,182,174,168,167,166,166,164,168,168,168,167,168,170,

30,133,203,200,200,200,203,201,201,205,203,201,203,204,203,204,201,203,202,204,202,199,197,194,189,185,182,182,185,181,176,176,175,171,173,178,170,170,172,170,171,170,164,169,169,173,178,167,156,144,129,123,134,151,169,170,163,150,150,141,147,156,159,147,146,147,155,154,152,162,161,152,146,137,126,126,134,143,154,160,154,136,117,115,134,156,154,140,132,129,134,136,113,138,146,114,113,116,119,121,123,126,129,132,132,128,123,116,97,62,110,102,73,68,78,150,157,142,154,129,83,78,73,73,75,77,78,78,78,80,71,62,61,74,100,174,223,202,137,162,201,120,127,203,218,178,161,179,182,160,98,95,115,178,221,187,175,178,167,174,174,169,168,169,169,170,170,168,169,169,169,169,168,167,168,171,

29,132,199,194,201,202,201,200,198,200,202,199,202,200,200,200,202,200,200,202,198,195,192,191,184,178,177,175,171,170,165,165,170,170,170,175,173,174,174,177,171,170,169,173,178,187,175,158,146,137,126,125,142,161,168,171,170,150,125,148,139,136,153,146,146,145,148,144,167,156,149,147,144,143,135,141,153,162,163,159,147,117,109,127,153,154,142,130,123,122,129,141,119,133,145,115,108,114,118,121,124,129,130,132,131,126,119,115,100,106,78,46,35,58,118,159,130,115,114,111,83,81,70,77,77,79,82,83,81,81,74,74,75,71,65,85,140,146,139,146,167,133,140,191,185,181,158,176,182,165,166,144,137,177,180,170,170,170,169,169,169,170,168,169,169,170,168,169,167,169,168,169,167,167,168,169,

30,134,198,198,201,204,202,201,196,198,194,195,201,203,199,198,200,196,198,198,198,193,196,189,177,163,157,161,164,166,166,161,161,163,168,168,172,169,167,165,170,173,179,186,194,181,165,153,138,127,120,128,146,163,167,170,169,151,126,113,141,154,140,140,143,146,147,147,157,143,126,130,141,138,134,143,146,148,150,150,138,126,141,155,155,143,133,123,123,128,136,144,126,117,139,121,108,115,119,122,126,131,133,132,129,122,120,113,108,94,51,40,33,34,112,159,145,129,121,113,83,81,70,73,80,82,87,85,85,83,76,78,80,82,82,81,80,98,142,126,144,184,175,158,143,127,163,178,175,160,159,151,143,158,165,168,168,169,168,169,169,169,169,169,168,168,166,167,168,168,167,168,167,166,167,170,

29,134,192,200,202,201,201,201,199,198,200,202,201,202,197,192,192,198,199,197,195,202,193,182,166,151,152,154,157,162,169,165,159,160,163,163,168,169,175,171,172,181,186,188,183,171,158,142,125,115,115,134,153,160,167,168,166,152,139,136,114,135,140,126,132,143,146,149,146,137,123,127,137,133,132,137,123,116,140,141,125,132,154,165,146,140,131,129,133,142,149,144,133,113,130,127,112,119,122,124,128,131,134,132,125,122,118,118,127,117,55,38,32,38,107,147,148,130,112,100,85,82,73,72,79,83,87,86,88,87,84,80,83,85,85,92,92,90,107,102,140,203,161,135,134,144,174,172,169,149,155,148,145,163,167,168,167,168,166,168,168,166,167,168,167,169,174,168,166,166,167,167,168,167,168,170,

30,134,197,199,200,199,184,199,199,200,200,200,198,191,186,189,201,198,197,192,194,203,189,177,159,143,150,155,156,155,158,167,159,161,162,164,166,169,179,180,184,188,188,184,172,165,149,127,111,108,119,141,157,163,166,168,168,157,135,146,144,112,121,134,125,133,137,139,141,137,137,135,130,126,136,135,130,116,141,130,119,134,143,155,137,131,129,134,139,147,150,143,138,122,137,130,116,120,122,125,127,130,132,130,124,126,130,131,133,134,69,36,31,42,106,133,140,120,107,97,88,86,84,71,77,89,88,93,93,93,86,82,88,92,89,93,94,94,95,102,156,159,151,141,144,165,172,173,172,163,163,151,143,164,167,166,166,165,164,166,166,166,168,166,165,171,186,175,166,169,168,166,161,155,143,137,

29,133,199,199,200,200,200,200,201,200,194,189,186,188,189,197,197,195,195,192,195,191,182,174,158,143,153,161,156,155,158,169,167,164,167,163,167,177,176,184,189,188,184,181,167,163,136,116,106,110,129,148,159,163,169,169,169,161,137,139,153,150,117,97,113,128,132,130,127,159,136,125,120,128,132,125,131,123,126,114,119,136,130,129,132,113,120,135,138,136,133,137,137,125,141,137,122,123,126,129,131,132,131,128,129,134,113,80,67,78,53,34,33,39,78,135,142,119,108,102,90,88,86,71,71,90,94,96,99,93,90,85,89,98,96,98,95,98,93,115,186,152,132,124,123,146,172,173,172,164,161,153,143,162,163,164,165,165,164,164,165,166,168,168,166,171,177,171,150,137,121,112,101,94,85,84,

29,132,194,197,199,201,200,195,194,190,183,183,181,182,187,191,193,198,195,194,193,187,182,181,160,146,148,156,159,163,163,169,170,158,162,161,165,174,180,185,188,186,180,174,164,145,122,106,105,121,139,152,161,162,166,171,171,163,138,137,159,152,158,136,107,103,114,132,140,140,139,126,116,118,116,113,123,127,126,114,133,139,124,128,124,120,142,138,134,133,131,132,129,119,145,144,126,125,127,130,133,134,132,132,133,100,68,63,55,72,62,41,37,32,62,121,146,133,113,105,91,83,86,73,72,92,96,88,89,96,94,93,93,99,98,101,97,96,95,115,185,183,124,126,188,219,175,172,172,163,156,154,141,161,163,163,165,165,165,167,167,163,158,146,128,157,163,123,86,84,86,97,103,109,129,145,

29,131,195,194,195,199,195,190,186,181,182,179,179,183,187,192,191,193,195,194,190,185,185,197,187,144,146,157,162,160,155,163,169,164,154,159,166,174,178,184,187,181,179,171,157,135,112,104,113,135,145,152,163,166,167,168,169,163,140,135,162,149,154,161,160,113,98,121,121,116,114,120,121,127,114,106,107,109,103,110,121,114,113,114,108,119,115,114,121,123,122,118,115,107,130,138,127,125,126,131,132,133,130,140,112,67,66,62,56,65,58,42,32,29,49,94,142,140,121,107,95,90,91,75,79,94,93,87,92,101,93,94,98,103,100,101,99,100,101,105,147,134,124,144,219,209,168,173,172,165,163,156,143,161,164,164,161,154,143,129,116,102,90,85,82,151,156,128,80,119,153,118,126,145,195,210,

30,133,194,190,193,194,191,189,187,185,179,181,182,179,187,191,189,194,195,195,192,188,178,179,173,143,142,156,163,161,147,158,170,168,153,158,165,174,179,185,186,181,173,161,157,129,103,105,125,143,146,154,159,165,164,163,167,164,142,134,162,155,149,162,163,144,117,131,161,164,164,148,119,99,102,115,115,119,123,135,130,123,123,113,113,116,111,96,100,101,93,88,106,135,132,119,127,123,127,131,131,133,136,127,94,70,59,53,51,46,44,35,29,29,54,91,145,144,134,114,102,101,102,88,82,89,96,88,93,102,97,100,100,105,102,101,101,102,103,92,107,125,123,145,196,192,173,172,172,162,150,154,135,136,126,111,95,84,80,77,73,76,109,133,147,162,151,153,114,195,219,129,132,147,140,122,

31,132,192,191,191,193,193,191,190,189,187,183,180,183,187,188,191,191,194,194,190,186,202,183,161,142,141,154,160,157,142,148,163,168,159,151,163,171,179,183,181,177,169,157,138,108,101,114,140,145,148,153,156,161,164,165,165,163,148,133,159,159,148,160,168,163,153,118,136,160,172,174,168,156,127,99,92,94,105,111,119,121,120,117,115,116,115,105,109,111,107,100,114,125,111,102,125,123,129,132,133,141,135,96,85,63,54,49,51,54,47,38,31,30,58,105,147,153,126,111,116,112,108,115,130,132,125,112,102,97,87,101,102,105,105,106,104,104,105,91,119,129,118,131,163,200,171,175,170,138,89,95,108,79,77,77,83,91,105,121,86,66,149,213,216,163,134,126,150,211,217,137,128,144,124,104,

28,132,188,187,198,196,191,204,196,189,186,185,180,186,187,190,188,190,193,192,190,186,198,179,160,143,137,148,157,153,139,131,140,190,166,151,164,170,180,183,181,174,161,148,122,104,105,127,147,148,149,152,158,161,162,164,165,163,151,140,161,165,148,156,167,166,167,143,110,143,165,173,169,167,159,143,138,110,98,91,89,86,84,88,94,95,96,106,86,78,75,76,76,72,78,117,126,126,128,131,143,142,114,88,77,63,58,56,57,58,51,43,32,30,58,115,156,169,108,92,103,115,133,133,133,130,137,147,144,132,110,101,104,107,108,110,107,107,105,105,153,109,116,151,195,181,146,170,159,132,81,68,104,75,86,108,121,132,146,156,110,68,130,153,154,137,159,108,160,206,214,146,123,139,157,215,

29,132,187,188,193,188,189,189,189,186,181,182,186,188,184,185,183,187,189,190,194,185,172,172,163,145,137,147,155,154,141,121,119,155,164,153,151,166,176,177,173,164,155,141,111,102,114,142,146,147,149,149,155,162,165,168,169,165,157,164,163,167,151,154,165,165,165,161,126,117,156,165,167,171,170,157,151,137,117,111,112,117,110,95,95,95,97,111,110,107,99,94,84,87,67,104,133,128,128,146,152,125,98,83,74,73,69,64,65,64,57,49,38,33,58,107,143,162,103,80,93,120,138,144,148,141,122,108,116,137,153,146,123,115,112,108,111,108,106,130,180,121,122,148,164,127,129,175,166,165,133,76,101,66,80,102,125,128,137,146,124,93,134,159,145,110,143,124,170,214,224,158,122,137,158,209,

30,130,191,193,190,191,191,189,191,188,185,182,180,183,186,190,187,188,189,193,188,181,175,173,164,149,136,142,153,152,141,123,122,152,165,160,152,159,170,171,166,158,151,125,105,105,123,147,146,148,149,147,154,161,168,168,167,163,173,165,153,169,155,155,166,168,168,167,155,114,132,158,163,168,171,167,165,155,138,128,119,122,126,116,102,92,87,87,89,94,94,88,77,74,80,71,124,139,142,169,145,119,102,83,84,97,89,76,71,76,86,62,44,39,64,110,143,167,126,85,100,127,135,137,139,147,152,142,106,83,101,136,154,149,124,115,111,114,111,119,153,119,118,137,150,105,179,170,167,168,167,115,103,70,59,72,105,130,136,139,130,118,140,156,157,115,109,144,152,196,224,174,119,134,156,194,

29,132,190,189,187,191,192,190,188,185,184,184,186,182,199,190,184,192,191,192,190,184,174,175,166,146,134,142,154,153,146,136,132,153,164,161,157,154,159,160,157,159,143,113,104,111,138,150,148,148,147,148,155,159,163,166,168,161,176,161,145,175,159,152,164,171,169,165,166,141,110,146,159,168,172,167,171,161,150,148,135,122,124,131,130,116,103,91,85,83,80,80,81,78,79,83,95,147,160,173,141,119,112,110,117,124,118,97,77,87,115,95,53,49,81,101,119,120,139,129,128,132,133,136,138,141,144,150,157,140,89,71,112,149,159,151,143,131,119,107,134,112,115,156,190,108,140,170,167,172,168,152,122,71,64,61,66,94,124,135,140,149,150,154,157,147,105,134,141,143,166,165,117,128,149,180,

30,133,191,186,189,194,193,188,187,189,184,181,182,180,180,177,182,189,191,190,208,185,181,180,167,149,133,138,152,159,157,149,137,154,165,162,154,155,154,151,148,154,128,102,103,117,146,150,149,146,147,149,156,160,167,170,173,169,178,155,144,177,161,150,166,171,168,169,168,162,120,122,152,161,171,170,169,168,161,152,147,137,122,126,133,136,132,115,100,98,93,93,94,92,89,102,111,146,158,170,138,126,123,133,133,128,120,120,101,92,116,102,57,87,125,116,94,84,118,143,144,140,141,140,142,141,142,140,157,175,163,123,66,92,141,162,167,161,157,150,141,127,134,141,124,142,136,171,167,173,167,169,142,137,138,112,66,65,71,96,130,154,150,147,151,152,136,147,149,150,142,134,121,124,144,168,

29,133,191,190,193,194,187,185,189,187,182,181,186,186,181,189,183,185,189,194,190,184,183,179,166,151,134,137,147,152,154,149,138,157,168,164,156,157,153,146,138,129,114,101,105,123,149,148,145,144,144,149,153,159,166,168,164,172,177,147,137,178,164,151,164,169,168,170,171,166,147,113,135,155,167,172,172,171,166,161,160,150,140,131,132,136,140,140,135,121,112,112,110,104,100,118,140,168,182,164,139,132,128,133,131,128,124,125,118,108,120,102,70,139,155,158,126,94,105,129,151,164,152,150,149,148,149,148,142,139,148,165,153,80,85,139,163,166,165,168,166,165,157,140,109,155,139,170,167,170,169,166,148,152,121,147,125,92,70,59,94,159,146,142,149,145,134,136,148,149,149,143,119,102,124,142,

28,133,192,191,188,186,185,190,188,184,182,181,189,189,186,191,183,183,187,183,183,182,180,172,169,156,134,134,146,149,147,153,161,158,163,163,158,151,152,148,141,125,109,102,109,134,151,151,148,144,141,146,152,155,164,172,165,176,178,139,134,179,168,156,165,169,172,171,169,167,163,132,114,143,158,169,170,171,168,166,163,162,156,147,139,138,139,141,143,144,143,144,139,133,128,137,155,169,193,154,138,130,127,133,144,165,156,154,149,131,132,113,102,142,166,161,120,105,104,122,140,167,137,140,150,158,154,157,157,147,142,144,160,163,102,86,139,165,169,165,166,171,169,169,164,164,178,169,167,170,171,165,145,149,141,217,234,152,150,141,103,159,140,97,128,139,140,125,141,144,149,148,110,88,112,130,

29,132,192,189,178,175,184,197,184,182,182,181,182,183,185,182,182,182,180,179,177,174,178,170,171,154,133,129,143,146,145,147,150,158,161,159,151,145,146,137,131,116,102,104,113,142,153,151,148,143,142,143,160,163,162,162,170,176,174,129,130,177,171,154,159,167,172,171,172,169,167,156,118,125,149,164,171,172,171,171,171,170,162,157,150,147,144,142,144,145,147,147,150,155,147,139,153,151,160,157,134,129,126,149,184,168,172,194,223,201,138,114,137,176,159,126,124,110,114,124,130,148,155,140,135,139,156,160,160,159,154,146,147,158,166,119,100,140,164,165,163,167,172,171,171,174,175,170,167,167,168,165,139,152,153,222,220,140,158,218,156,157,148,77,75,91,120,120,129,140,141,147,122,88,112,134,

30,132,191,183,175,173,180,183,182,183,179,177,181,182,184,183,179,179,177,178,176,175,173,171,172,154,133,128,141,147,146,143,141,158,160,158,150,146,144,134,120,107,102,106,119,144,149,152,150,145,140,139,162,166,160,167,188,173,173,122,133,176,174,156,158,167,173,173,177,168,163,163,138,115,139,152,166,171,172,170,173,173,167,162,157,155,150,145,146,146,149,150,152,156,150,138,149,148,164,187,130,122,126,132,161,211,223,235,237,230,151,116,173,168,101,124,119,111,119,132,124,142,158,157,155,147,136,156,165,163,159,155,143,151,158,170,109,108,152,167,167,169,172,171,172,170,178,175,174,169,151,164,142,156,160,217,201,134,112,96,83,156,153,78,73,64,70,93,115,135,136,142,128,88,97,72,

