29,131,210,212,209,183,214,213,210,219,204,205,207,209,221,221,221,221,220,220,220,216,211,214,204,215,184,144,141,146,154,154,133,122,116,122,180,220,221,214,219,221,221,221,226,224,219,215,214,221,222,219,218,221,224,225,225,224,225,224,223,222,219,221,219,206,221,218,214,220,221,226,225,191,131,119,139,136,134,133,115,137,192,209,212,212,208,197,197,203,208,204,203,211,209,211,185,202,210,212,209,208,209,208,204,205,201,200,186,101,112,132,126,116,120,187,195,206,215,212,208,206,194,199,195,189,191,198,208,199,193,183,178,162,114,135,209,209,214,214,213,212,211,213,207,206,205,205,206,157,107,148,199,206,209,209,209,210,213,214,217,196,121,126,193,200,194,102,144,185,190,167,112,82,117,168,

30,134,210,213,205,207,220,195,210,217,205,206,204,212,221,218,219,220,220,217,219,214,213,212,192,161,137,141,147,151,142,128,114,118,148,198,220,218,222,220,220,223,222,222,207,210,221,219,220,223,223,210,216,223,222,224,225,223,224,222,222,222,222,218,221,217,220,217,214,217,223,208,160,124,118,123,136,139,140,137,131,127,140,182,204,211,211,193,192,205,207,206,204,207,208,213,192,174,207,211,209,208,207,207,206,204,204,202,200,160,104,112,129,124,112,136,190,204,204,211,211,209,206,206,197,192,193,197,200,204,194,175,161,192,147,113,158,211,214,214,215,215,214,215,209,201,205,206,203,200,150,116,172,201,203,210,211,211,212,215,213,213,168,116,143,194,192,110,160,185,192,151,159,126,93,103,

29,134,210,210,215,218,211,206,217,209,205,198,203,216,218,219,220,222,218,214,216,212,197,164,140,132,138,147,148,125,110,117,150,181,211,224,221,223,217,212,222,217,220,221,205,216,221,222,223,220,220,222,223,223,223,224,224,220,217,222,222,221,220,217,221,221,218,220,213,201,158,127,127,133,139,149,153,143,133,138,131,130,127,124,164,203,207,165,168,204,201,203,201,204,206,209,214,210,206,207,208,207,208,207,206,205,205,206,204,210,183,111,108,126,127,114,127,191,203,204,209,208,208,206,200,195,189,190,192,206,199,179,168,194,194,151,113,154,209,211,213,213,213,215,213,205,207,210,207,205,203,139,121,181,201,206,207,209,209,212,212,213,207,163,114,147,194,157,168,181,194,148,123,178,153,122,

29,133,212,213,216,212,208,216,213,202,208,204,210,217,213,218,220,217,213,216,203,168,137,132,139,145,139,128,112,107,138,197,222,223,221,222,222,225,206,205,225,218,218,218,221,220,222,222,223,222,222,224,224,224,224,223,223,222,223,223,219,218,220,221,220,220,218,190,145,123,120,136,143,143,137,155,148,141,138,148,135,130,126,129,121,150,194,186,182,194,203,205,206,202,199,208,210,209,210,207,210,208,207,209,207,206,209,208,205,202,210,194,117,103,122,125,113,122,186,202,205,205,206,204,202,197,193,191,193,199,205,191,169,196,201,190,140,112,156,206,209,212,214,212,212,208,204,208,204,206,205,202,135,124,186,203,207,209,208,210,210,213,203,212,157,110,157,182,168,181,191,170,87,148,178,186,

28,134,214,214,217,211,216,219,209,201,205,204,215,216,217,219,220,218,208,175,140,133,142,148,138,118,100,111,139,182,220,222,220,221,222,223,222,223,221,219,220,220,220,222,221,223,223,222,223,223,221,224,224,222,222,222,223,222,221,224,220,222,221,221,206,183,154,120,123,139,142,148,154,144,115,133,129,130,139,137,138,136,130,117,116,105,139,175,200,202,207,211,206,204,206,206,209,209,212,210,209,208,208,208,205,204,207,208,208,205,203,210,194,124,103,118,125,112,117,175,207,204,205,204,204,200,195,190,196,194,199,202,182,203,207,196,177,136,108,161,212,213,214,214,215,213,205,209,208,207,206,207,200,139,130,193,207,208,208,210,213,213,202,197,195,147,112,155,170,180,188,179,89,104,174,185,

27,135,212,215,216,211,216,212,203,205,202,209,215,218,217,217,205,174,144,136,138,145,138,118,103,102,136,191,219,222,218,221,223,223,222,220,222,223,221,222,220,218,221,223,222,224,212,204,225,223,222,224,218,217,222,223,223,221,221,221,222,217,198,187,144,123,122,139,148,147,148,154,142,136,134,134,131,133,139,138,132,131,139,125,113,119,121,115,155,190,199,203,204,205,205,209,208,210,209,212,209,211,212,208,204,202,205,206,208,205,206,205,207,205,138,103,120,124,117,115,172,207,203,201,201,200,200,198,196,192,199,202,193,208,213,197,181,180,144,109,162,212,210,214,213,216,216,214,211,205,208,204,206,201,135,134,196,205,204,210,210,210,204,203,209,201,133,159,170,179,187,190,119,81,139,193,

30,133,209,216,212,214,220,208,198,206,208,212,213,218,210,178,148,136,135,136,134,118,99,96,128,186,222,224,214,210,220,223,224,223,223,220,222,222,220,220,221,221,221,220,223,222,222,219,222,223,223,223,222,216,221,220,218,219,220,221,209,168,130,124,142,142,138,145,153,149,137,135,128,133,128,119,128,163,179,163,166,127,142,145,129,123,144,151,171,209,219,218,219,216,211,212,204,208,210,215,212,209,210,209,206,204,204,206,208,208,206,204,204,204,205,129,101,121,123,118,110,168,207,202,202,201,200,201,197,199,197,200,193,209,211,210,190,159,182,128,110,161,207,208,209,214,218,219,214,206,209,209,206,207,208,130,135,197,202,206,207,208,206,208,206,208,201,183,170,178,185,191,156,112,93,157,

30,133,215,218,206,211,214,206,209,208,208,214,208,179,144,137,137,135,131,119,112,100,115,178,219,222,218,221,220,217,223,216,201,223,222,221,221,222,222,221,221,222,222,222,222,221,222,220,224,223,223,222,221,220,220,221,222,221,217,178,143,143,144,141,149,143,158,142,124,129,132,128,131,128,139,163,204,216,185,195,206,176,132,136,167,204,224,237,236,236,235,235,236,235,235,233,228,222,214,208,212,213,209,209,209,206,205,207,207,204,205,204,204,202,203,184,128,107,120,116,112,103,154,202,198,200,205,202,201,202,198,187,184,208,210,207,197,180,181,167,141,110,163,211,210,212,215,217,216,214,213,216,210,206,212,204,124,140,196,206,208,206,205,207,207,208,209,200,171,175,185,192,164,165,91,100,

29,134,215,214,208,213,211,205,206,206,206,183,146,134,141,140,132,123,108,105,118,164,212,225,219,221,218,221,221,222,222,220,220,223,221,220,214,221,222,221,222,221,221,222,223,223,222,222,217,221,223,223,222,222,221,222,215,183,140,138,145,143,151,154,150,146,129,130,129,130,127,125,147,187,216,219,216,213,180,191,203,213,206,214,234,237,236,235,235,236,235,235,235,235,236,235,235,235,234,228,220,215,211,212,210,207,204,204,207,205,204,205,204,202,203,206,212,152,101,115,118,114,107,142,196,200,210,201,200,208,208,197,184,201,215,210,195,184,179,170,189,136,110,169,205,210,213,215,212,216,216,217,212,212,208,214,181,120,144,198,208,208,207,207,205,208,209,207,175,171,183,193,165,180,137,84,

29,135,213,212,214,214,210,209,200,176,148,136,140,146,138,120,112,103,112,160,206,221,220,220,220,215,222,222,222,221,221,222,222,213,210,221,221,221,221,222,222,221,223,223,222,222,223,223,219,218,220,222,222,222,210,174,144,135,137,140,141,151,150,140,139,126,125,134,118,127,147,194,215,221,217,217,216,204,178,197,221,231,236,236,235,234,234,234,235,235,236,234,235,235,235,235,235,235,235,235,234,228,216,208,211,210,201,205,206,205,205,205,204,201,201,206,207,214,168,119,121,123,113,103,139,193,201,206,205,207,208,206,191,205,214,210,203,190,186,175,185,177,138,113,162,209,214,211,213,215,216,217,216,215,212,209,206,180,120,148,196,207,205,206,208,206,209,209,181,165,181,192,172,144,140,120,

29,133,213,216,216,211,204,180,150,135,138,139,136,123,115,106,111,147,202,221,219,216,219,221,221,215,221,221,221,221,221,221,222,222,222,218,218,221,221,221,219,214,222,223,222,222,224,222,220,220,222,222,201,160,133,135,140,145,145,147,150,146,139,133,130,122,117,134,167,204,209,220,221,220,217,214,215,206,212,230,235,234,234,234,234,234,234,234,235,234,235,235,235,235,235,235,236,235,233,235,235,236,234,217,208,212,206,210,208,205,205,205,205,204,203,208,201,207,217,187,113,114,116,115,105,131,183,205,206,206,203,209,197,208,212,206,202,198,190,181,180,180,183,139,118,169,212,214,215,216,215,217,217,215,215,211,204,208,181,118,153,200,207,208,204,206,208,210,179,159,180,189,179,106,141,171,

33,134,210,216,212,184,150,126,130,144,142,127,111,101,110,145,208,207,211,219,216,216,221,222,222,223,221,221,220,220,219,219,221,221,221,221,219,221,221,220,222,215,222,222,221,223,222,220,220,221,199,166,134,131,137,145,151,148,145,142,134,129,128,118,122,148,179,211,213,220,220,219,220,221,200,203,224,231,235,235,234,235,235,234,234,234,234,235,234,235,236,236,235,235,234,235,236,236,235,235,235,235,235,234,219,209,212,212,211,207,203,204,203,203,202,206,205,203,207,213,178,113,115,115,120,115,130,180,197,206,209,214,205,211,217,211,203,194,186,184,179,171,185,182,143,118,177,214,211,216,217,218,219,218,218,217,213,202,202,171,122,157,201,207,204,205,205,211,182,156,179,185,189,141,132,170,

30,136,208,187,146,128,134,141,145,134,126,116,113,155,202,217,222,217,220,220,221,221,223,221,220,221,221,219,221,221,220,220,223,222,222,221,220,221,218,220,222,221,219,216,218,218,219,215,196,169,149,140,144,146,153,152,137,129,125,119,116,108,118,152,197,219,221,220,221,217,218,219,221,219,223,231,234,234,234,235,235,234,234,235,235,235,235,235,235,235,235,234,234,235,236,235,234,236,235,235,236,235,234,234,231,216,209,208,213,206,203,203,202,201,203,203,202,200,206,207,216,185,122,114,126,122,118,133,184,208,209,212,204,205,214,213,205,199,189,186,190,182,185,180,179,142,117,177,212,215,216,218,219,219,220,216,215,208,201,205,168,116,165,203,205,205,202,208,201,155,173,184,189,182,146,123,

32,124,145,123,131,135,137,134,119,113,115,156,206,225,221,221,220,220,221,217,221,222,223,219,215,221,220,219,219,222,222,221,222,219,220,220,221,220,219,220,219,220,218,217,219,213,189,158,131,133,145,153,158,155,137,123,119,120,117,113,128,158,201,222,225,220,218,219,219,218,219,220,222,228,234,234,234,234,234,235,235,235,234,235,235,234,235,235,235,234,236,235,235,235,235,235,234,235,236,235,235,235,234,234,234,229,214,211,210,207,206,203,203,201,203,203,203,203,204,207,211,213,193,123,113,126,125,119,129,179,208,211,202,206,213,213,207,206,196,184,191,190,191,181,178,176,145,119,175,214,213,216,218,218,219,216,215,208,206,204,204,161,117,172,206,195,202,203,204,147,167,184,190,181,187,156,

28,103,130,131,136,134,115,106,112,150,198,225,220,216,219,222,222,222,222,221,223,221,223,218,217,220,220,220,219,220,219,219,219,219,220,220,221,222,221,220,222,222,223,216,185,151,134,141,147,152,156,147,136,124,118,116,115,115,136,178,207,222,223,212,215,221,221,220,221,220,221,226,231,235,234,235,234,234,234,234,233,235,235,235,234,234,234,234,234,236,235,235,234,235,236,236,236,236,235,235,235,234,235,234,234,233,228,215,209,207,207,206,205,199,197,204,203,201,205,197,205,206,207,197,122,108,120,118,119,125,180,212,205,207,212,215,207,203,198,190,188,190,196,188,179,182,197,154,123,172,213,216,215,216,219,219,214,210,208,206,203,205,152,120,179,185,199,205,207,152,160,184,191,186,187,188,

29,107,137,126,109,106,113,150,200,222,224,221,220,220,222,221,221,223,222,224,223,222,221,223,222,220,221,220,221,218,219,217,219,220,219,220,221,220,219,222,224,209,174,150,136,141,148,154,155,148,133,113,117,125,121,121,146,173,217,223,222,221,222,217,222,220,219,218,221,222,228,234,234,235,235,235,235,236,235,235,234,234,236,236,235,235,234,234,234,236,235,235,235,235,234,235,235,236,235,236,235,235,236,235,235,234,232,226,211,208,206,205,206,200,196,206,203,201,202,199,202,205,204,208,199,124,106,125,126,120,121,180,207,208,212,216,212,204,201,200,194,196,197,196,176,186,204,191,136,130,177,211,213,214,219,218,216,209,208,205,204,206,200,150,120,180,202,205,207,165,163,182,189,191,192,195,

31,102,108,94,112,159,201,224,221,220,221,221,221,222,223,221,223,224,223,224,222,221,219,221,221,216,219,217,218,222,221,220,217,219,219,220,219,222,223,205,170,138,129,140,151,158,155,146,133,121,125,122,119,128,159,198,179,171,223,219,221,219,219,222,222,221,220,220,222,227,235,235,235,235,235,235,235,236,234,235,235,235,234,236,235,235,236,235,235,235,236,235,235,235,234,234,236,235,236,236,234,235,235,235,235,234,232,231,225,212,208,208,206,204,202,206,203,203,202,202,204,204,209,205,213,210,146,111,117,117,109,112,171,210,209,212,214,208,204,202,196,193,191,197,185,188,200,197,166,136,121,174,214,213,217,219,217,211,212,209,207,205,206,204,140,123,189,201,200,180,160,183,187,191,195,188,

30,85,113,157,208,226,221,220,219,221,221,219,220,223,222,222,221,223,224,222,220,222,221,219,218,218,220,218,217,219,221,219,218,221,218,220,218,199,164,143,137,142,153,161,156,139,126,124,129,126,121,134,172,209,227,209,179,216,223,222,221,220,221,222,221,218,218,220,229,234,234,235,235,235,235,235,235,235,235,235,236,236,236,235,235,235,235,235,235,236,236,235,235,235,235,235,235,235,235,235,235,234,235,235,234,234,233,230,232,224,202,205,206,204,203,207,205,204,204,203,194,195,209,196,208,212,213,156,109,125,110,110,117,167,206,211,213,210,207,205,201,196,190,194,187,192,203,198,171,161,130,133,172,213,213,215,213,212,212,211,208,206,203,203,202,139,132,197,205,185,144,180,186,190,163,133,

26,116,205,224,219,218,220,220,217,222,220,220,220,223,221,222,221,223,226,223,220,221,220,219,220,221,219,217,217,219,220,220,221,223,214,192,157,136,139,149,156,159,151,135,124,117,120,123,123,139,178,214,225,224,216,218,208,219,219,220,221,220,220,219,220,218,217,228,234,235,234,235,235,235,234,234,236,236,235,234,235,235,235,235,236,235,235,235,235,235,236,234,235,236,235,235,234,234,234,235,236,234,235,234,235,235,233,230,231,232,214,202,202,203,202,204,201,204,202,190,205,203,205,167,183,211,207,217,158,107,118,115,113,108,154,205,208,206,197,209,209,200,195,193,191,193,203,208,181,159,156,131,122,186,214,215,212,210,208,210,210,205,204,204,206,202,129,140,203,180,131,178,184,193,126,109,

30,134,217,218,220,219,220,222,221,221,220,220,223,224,220,222,224,224,225,223,221,222,220,220,219,217,217,218,218,216,217,224,218,188,147,132,138,152,155,156,147,131,116,120,122,118,121,148,192,220,226,224,223,224,223,220,211,211,219,222,220,219,221,219,216,216,224,233,234,234,234,235,235,234,234,234,235,235,235,234,235,235,235,236,235,235,236,235,236,236,235,235,235,235,235,235,235,234,234,234,236,235,235,234,235,235,233,232,232,232,231,210,197,204,205,206,205,207,205,198,204,203,203,202,196,208,204,211,214,177,119,119,114,117,107,148,200,197,160,202,212,203,197,199,203,205,206,210,192,171,159,166,128,112,184,213,213,212,211,211,212,208,206,204,203,203,172,126,145,184,142,169,183,196,150,120,

31,135,216,209,222,219,219,219,221,221,220,220,216,217,221,221,221,222,222,217,221,221,222,221,217,216,218,216,218,220,212,182,159,132,132,146,154,152,138,123,116,116,117,121,123,159,201,223,227,223,223,223,222,221,223,222,223,214,222,222,222,221,220,221,220,227,233,234,234,233,234,235,235,234,234,235,235,235,235,235,234,235,235,235,234,235,235,235,235,236,235,236,235,234,235,234,235,234,235,235,236,234,235,235,234,235,234,232,232,231,231,229,208,204,207,210,195,203,206,205,204,205,204,205,205,204,203,209,211,214,191,126,116,123,107,111,142,195,200,205,210,205,196,200,206,210,208,211,201,177,168,171,171,125,111,180,211,210,210,211,215,212,208,208,203,200,192,193,129,144,131,147,185,192,172,179,

31,135,213,216,220,219,219,221,221,219,219,221,214,216,220,217,219,222,221,219,218,221,220,219,219,216,219,220,206,179,150,139,144,147,150,147,133,121,113,121,125,119,125,167,205,222,225,222,221,221,220,223,223,222,223,221,222,222,223,222,222,220,218,221,223,232,233,233,233,233,235,234,235,235,234,234,236,236,234,236,235,235,235,235,234,235,234,235,235,235,235,235,235,234,235,234,234,235,235,235,234,235,235,235,234,235,233,231,232,232,232,231,221,204,207,209,199,202,196,202,205,205,204,203,206,203,205,206,207,204,213,200,124,118,122,114,110,133,180,200,207,209,199,201,198,208,210,210,205,185,170,170,171,161,131,109,182,214,211,215,215,214,210,211,207,204,195,201,185,130,126,128,186,188,195,199,

31,136,218,222,217,220,221,221,221,217,218,221,221,220,221,217,218,220,220,220,220,218,217,218,220,218,201,164,139,138,145,156,156,143,123,115,113,117,117,120,138,178,212,227,223,218,223,222,221,219,220,224,223,222,222,222,222,223,220,219,220,220,219,221,228,233,233,235,234,234,235,235,236,235,235,235,234,234,235,236,235,235,235,235,235,235,235,235,234,235,234,235,235,235,234,235,234,235,235,235,235,235,234,234,234,234,233,232,232,232,232,231,229,216,204,209,207,206,205,204,205,207,203,200,206,203,202,209,207,206,208,214,201,131,114,115,117,115,128,181,203,206,198,203,189,201,211,212,204,193,190,188,176,160,165,132,110,183,211,210,213,212,210,213,215,207,201,199,206,200,153,124,181,185,193,197,

32,136,218,221,220,219,220,220,219,214,219,221,221,220,221,221,220,221,219,220,221,218,218,216,195,155,136,139,152,161,154,137,118,112,112,115,116,120,145,185,219,227,223,223,222,222,214,221,221,220,222,224,223,220,223,223,222,204,216,218,217,219,218,225,233,233,233,234,235,234,234,235,235,234,235,235,235,234,234,235,236,235,236,234,235,236,235,234,234,234,233,234,235,234,234,235,235,234,235,235,235,234,235,234,234,234,233,232,232,231,231,231,231,226,209,207,205,205,207,206,208,206,205,205,204,197,193,205,206,208,208,206,212,206,140,113,115,121,116,130,186,201,186,197,199,202,211,213,208,196,201,194,179,175,176,176,133,107,166,212,210,214,212,213,215,212,204,204,204,205,196,166,180,185,193,195,

30,135,217,212,219,221,221,221,217,219,221,220,221,220,220,220,218,220,217,219,223,213,183,146,133,140,155,159,159,142,116,110,116,119,114,120,155,200,221,223,216,221,223,223,223,220,220,221,219,221,217,223,221,223,223,221,214,219,218,219,217,218,222,230,233,234,234,233,233,234,234,235,234,235,235,236,235,234,236,235,235,235,234,234,235,235,236,235,235,234,235,234,234,234,235,236,234,234,235,235,235,234,236,235,235,235,234,233,232,231,231,231,230,227,219,206,206,205,206,206,208,205,207,207,206,198,193,202,206,208,209,207,209,211,208,148,112,121,120,117,125,180,185,190,204,201,204,212,207,195,191,191,188,181,180,181,186,143,119,177,213,212,212,213,215,214,210,203,200,206,210,175,174,184,192,194,

30,135,214,220,220,221,221,221,216,219,220,219,220,220,217,218,219,220,219,206,178,137,135,142,154,157,151,135,123,113,121,120,118,129,166,201,222,221,220,222,199,217,222,222,221,223,221,221,215,190,210,223,221,221,223,211,182,208,212,218,216,219,226,231,232,233,232,233,234,235,235,235,235,235,234,235,235,235,236,236,236,235,235,235,234,236,236,234,236,235,235,235,235,234,234,235,235,235,234,233,235,235,235,235,236,235,234,233,232,231,231,230,230,229,225,211,206,207,207,206,207,209,208,208,207,203,195,197,200,205,207,209,211,210,209,215,145,106,116,118,107,116,159,181,202,205,206,205,209,200,193,191,196,187,186,195,196,195,141,119,183,213,213,214,212,213,208,208,202,204,211,165,165,183,193,188,

32,136,215,220,218,218,220,219,216,219,218,218,220,217,217,221,223,213,179,142,137,139,154,158,150,133,121,121,122,117,118,134,179,213,226,218,221,220,222,221,222,222,221,222,222,221,221,223,213,189,223,222,219,221,221,216,212,219,218,215,217,221,229,232,232,233,232,233,234,234,234,234,235,234,235,235,236,235,234,235,236,236,236,235,234,235,235,234,235,235,235,235,235,235,235,234,234,235,235,234,235,236,235,235,234,234,233,233,232,231,231,230,230,229,227,218,208,208,207,205,206,207,208,206,206,205,201,197,198,203,204,209,209,206,207,210,207,152,113,117,118,108,112,163,199,207,212,211,208,203,190,195,193,191,196,198,195,198,179,130,116,179,212,210,211,214,210,208,206,208,212,171,164,182,192,185,

31,135,216,221,214,215,217,214,216,219,218,218,217,217,219,206,169,140,140,148,154,161,151,130,119,123,127,121,119,139,185,220,201,219,220,207,221,221,221,218,221,222,221,222,223,221,220,218,223,224,220,220,216,216,220,220,221,218,218,217,211,223,229,231,233,232,233,234,233,234,234,234,235,235,235,235,234,234,235,236,234,235,234,235,235,236,235,234,234,235,234,235,234,236,235,234,235,235,235,234,235,234,234,236,234,233,233,233,231,231,232,232,229,228,228,224,211,203,204,204,207,207,203,209,205,202,204,203,202,206,206,206,207,207,208,207,208,210,163,108,114,118,109,116,176,208,206,213,211,205,193,195,196,188,197,198,195,204,194,171,126,110,183,213,210,214,213,211,206,207,211,194,149,183,189,195,

31,133,215,217,215,216,215,213,219,219,217,219,220,203,174,142,130,146,158,161,148,126,119,121,126,125,127,147,193,221,223,221,211,218,214,219,222,221,222,222,222,222,222,219,223,222,221,222,221,219,222,220,216,216,218,220,220,216,219,219,221,226,231,231,232,233,233,234,235,234,235,235,235,235,233,235,234,236,236,235,234,234,234,235,235,235,236,235,235,235,234,234,235,234,235,235,235,235,235,235,235,234,236,235,235,234,233,234,232,232,231,231,230,229,228,225,215,205,204,201,206,206,201,204,207,205,204,201,200,205,206,206,207,206,208,206,210,175,196,162,97,117,115,107,113,178,204,208,209,202,198,198,201,186,199,204,201,206,199,190,179,133,120,187,210,209,211,207,208,206,209,181,128,184,186,194,

31,135,215,217,217,217,213,214,220,222,217,201,172,146,146,152,157,161,145,126,120,120,123,120,126,164,206,219,223,220,219,219,218,220,219,222,223,222,221,222,222,221,223,223,222,221,222,220,220,222,217,219,219,219,218,220,220,217,218,218,223,229,231,232,233,234,234,234,235,235,234,235,235,234,235,236,235,235,235,234,235,235,235,234,235,235,236,235,235,235,235,234,234,234,233,235,234,235,235,235,235,234,236,235,235,235,234,233,233,232,232,231,228,229,228,226,219,202,205,199,204,203,205,205,206,206,207,205,202,205,206,205,206,204,203,207,212,199,200,217,166,96,110,116,113,112,173,205,209,201,198,201,202,194,197,199,202,211,201,198,189,182,132,123,187,209,207,205,203,204,209,204,173,181,184,194,

32,136,213,217,218,214,212,217,215,195,160,143,147,157,166,156,140,126,119,121,121,119,131,165,204,224,221,216,221,222,220,218,221,222,222,221,221,219,222,223,222,221,218,222,217,220,222,221,221,218,215,218,218,217,218,218,219,217,219,220,224,229,231,232,233,233,233,233,234,234,234,235,235,235,235,235,235,235,235,235,235,235,235,234,234,235,235,235,234,235,235,234,233,235,234,235,234,235,235,235,236,235,235,234,234,235,234,234,233,232,231,230,229,229,227,226,224,170,180,199,203,203,205,205,207,206,207,206,203,203,207,204,205,205,202,207,206,205,204,207,216,169,102,108,123,116,110,157,203,204,194,196,203,193,201,197,191,199,204,199,189,182,182,124,122,183,203,186,201,204,206,211,165,172,184,194,

32,136,212,216,218,215,204,183,157,147,147,156,165,158,141,121,120,125,124,117,120,164,213,224,221,221,220,215,223,220,221,222,222,221,220,222,222,217,220,221,220,218,214,223,222,221,220,221,220,220,219,216,218,219,218,217,218,218,216,219,226,229,231,233,233,233,234,234,235,235,235,235,234,235,234,234,234,235,235,235,234,235,235,235,235,235,234,235,234,234,235,235,235,235,234,235,235,234,234,235,235,234,234,234,235,234,233,234,232,232,230,229,229,229,229,227,228,191,132,172,199,202,203,203,206,205,204,205,204,205,206,208,205,206,205,208,206,207,208,211,209,216,181,99,109,121,113,112,152,201,199,195,196,189,203,207,193,199,205,203,189,178,186,158,118,121,185,191,195,206,207,213,176,176,183,190,

30,133,216,222,211,179,145,134,141,160,160,160,140,124,121,126,124,117,132,145,190,227,220,221,221,218,221,220,222,220,221,222,222,219,219,208,215,222,215,221,216,220,220,222,221,221,219,220,219,218,219,219,219,217,211,220,220,217,216,221,228,230,232,231,231,233,234,235,235,234,235,234,235,235,235,235,234,234,236,234,235,234,235,235,234,235,235,235,234,235,235,235,235,234,235,235,235,234,234,234,234,235,235,235,235,234,233,233,232,232,231,230,229,229,229,227,225,217,140,121,162,200,200,203,204,204,203,204,204,205,206,205,206,207,206,206,204,206,209,212,211,207,217,188,108,110,122,114,107,155,198,192,185,189,197,212,202,205,206,205,199,186,192,170,158,127,121,182,193,201,206,211,188,175,182,189,

30,135,199,175,146,134,139,148,153,149,138,127,121,119,118,122,142,176,205,205,213,222,219,220,217,206,222,223,219,217,222,222,221,220,212,197,218,223,216,218,220,221,221,220,219,218,219,218,217,218,215,216,218,217,219,216,216,217,216,222,228,230,231,231,232,232,234,234,234,234,235,235,234,234,234,235,234,235,236,235,236,235,235,236,235,235,234,234,234,235,235,234,235,234,234,234,236,234,235,235,235,235,235,235,234,234,234,232,233,233,231,230,229,229,228,227,226,225,161,124,115,150,200,202,204,202,203,203,204,204,207,205,204,207,206,206,206,205,209,211,211,209,209,215,194,113,112,124,125,106,157,198,187,185,195,205,203,211,209,205,202,190,195,181,162,177,130,127,185,203,205,210,190,156,183,185,

32,119,147,142,139,143,148,146,134,125,124,126,117,120,163,199,217,225,219,218,213,219,220,218,221,221,222,222,219,220,220,215,221,220,221,220,220,222,222,216,217,221,220,218,218,216,217,217,218,215,215,217,218,218,218,216,217,214,218,225,229,230,231,232,233,233,234,235,235,235,236,235,234,235,235,235,235,235,235,234,234,236,235,235,236,235,234,235,235,235,235,235,235,234,234,235,236,235,235,235,234,235,235,235,235,234,233,233,234,233,231,230,229,230,229,227,225,226,188,122,122,118,140,188,202,200,201,204,203,207,207,206,207,197,201,205,203,204,209,210,212,210,210,207,206,190,119,119,130,121,114,154,186,177,201,201,198,206,210,209,210,198,196,191,167,175,175,128,130,195,201,207,194,161,183,183,

28,117,159,157,145,134,126,125,125,122,122,124,156,205,223,224,222,218,219,218,212,218,222,220,222,221,222,221,221,223,216,213,222,221,220,220,220,221,221,220,221,220,218,217,218,218,219,221,217,217,219,216,218,218,217,217,216,213,220,226,229,231,230,232,233,233,233,235,235,236,236,234,234,235,235,236,236,236,235,235,234,235,235,234,235,236,234,236,236,235,235,236,235,235,235,235,235,235,235,235,235,235,234,236,234,234,234,234,234,232,232,231,231,230,230,228,225,225,208,135,126,128,115,125,178,200,202,202,201,206,207,205,207,205,203,206,206,201,203,211,211,211,210,208,201,201,194,132,115,125,123,111,129,144,191,204,203,205,212,212,212,202,201,192,176,182,184,184,133,126,190,208,198,179,181,182,

29,119,145,127,121,122,123,118,125,154,198,205,219,223,217,218,220,216,219,219,219,220,220,220,221,219,221,221,220,222,222,222,218,221,221,219,219,218,219,219,222,220,217,215,217,219,216,214,220,218,217,214,215,217,215,215,215,217,222,227,229,231,232,233,233,233,234,234,234,236,235,235,235,235,235,236,235,235,235,236,235,235,234,235,234,236,235,236,234,234,235,236,234,234,235,235,235,236,234,234,234,234,235,235,234,234,234,234,234,232,233,232,230,229,230,228,227,225,220,150,128,128,127,114,118,172,202,199,200,203,204,204,206,206,205,205,207,203,202,209,208,208,206,207,208,204,209,205,133,110,120,113,119,127,182,197,205,206,210,209,208,204,206,198,181,188,185,190,180,131,131,179,185,178,182,183,

29,101,120,120,121,121,138,172,201,225,223,223,219,218,217,218,216,220,221,220,214,219,218,221,217,212,221,219,220,220,221,219,220,213,211,220,219,218,219,219,218,219,218,216,217,219,217,214,212,213,215,215,215,214,213,212,215,219,223,227,228,230,231,232,233,233,235,233,233,235,234,235,235,234,235,235,234,235,235,236,236,234,235,235,235,236,235,236,236,235,235,234,235,233,234,235,234,235,234,235,235,235,235,235,235,234,235,233,234,234,233,231,230,229,230,229,228,225,225,171,110,128,128,123,121,114,163,204,200,200,202,204,201,201,193,205,206,206,205,204,208,205,205,207,207,210,208,213,211,146,109,125,121,116,141,193,200,205,209,209,210,203,203,204,190,197,188,184,192,191,131,130,130,170,183,183,

28,101,121,122,146,175,208,221,223,221,221,221,221,212,214,218,219,221,222,221,218,217,216,221,220,215,218,219,212,218,221,217,218,216,216,218,217,218,218,218,215,216,218,218,217,215,219,217,213,215,214,217,216,215,215,211,216,219,224,227,229,230,231,232,232,233,234,234,233,233,234,235,235,235,235,235,235,236,236,236,236,235,236,235,235,235,235,235,236,235,235,235,235,234,234,235,234,234,234,235,234,235,235,234,235,234,233,234,233,232,232,232,232,229,230,229,228,227,224,213,158,112,123,127,125,120,113,153,199,203,202,203,202,203,197,201,204,203,205,203,206,207,204,205,206,208,208,207,211,210,147,105,118,124,112,133,190,204,210,210,209,202,200,205,197,198,194,183,197,182,180,133,137,172,184,180,

27,105,156,196,212,220,221,218,207,219,220,220,221,222,222,219,221,220,220,219,221,220,218,213,221,219,216,219,217,219,219,215,219,220,218,218,216,218,215,214,217,217,215,216,216,218,220,218,217,214,215,214,216,218,217,212,203,220,224,227,230,231,232,232,233,234,235,235,236,235,234,233,231,229,227,225,223,223,223,224,225,228,230,232,232,234,234,235,236,236,236,236,235,235,236,235,235,235,234,235,235,235,235,234,235,235,234,233,234,233,233,232,233,231,230,229,229,228,224,216,204,171,122,123,126,120,117,106,144,193,202,201,201,202,206,202,201,202,204,204,204,206,205,206,207,209,207,207,207,208,212,152,103,120,125,108,130,195,208,208,211,203,197,206,200,196,195,188,200,194,189,178,176,168,163,184,

29,131,211,220,216,217,219,220,209,221,220,222,207,218,221,220,220,219,220,219,221,221,216,212,219,210,218,218,219,218,216,201,216,218,216,218,217,217,217,214,219,216,217,217,216,218,218,217,215,214,214,213,213,204,171,139,169,224,224,227,230,231,233,232,233,234,234,230,225,217,208,202,195,191,189,185,183,181,181,181,184,187,188,191,194,197,200,204,208,213,217,222,225,228,230,232,233,234,234,235,236,235,236,237,236,236,236,235,234,234,233,232,232,232,231,229,230,229,225,218,200,211,187,120,112,125,124,120,109,130,183,201,199,202,203,202,200,202,203,205,205,203,204,201,208,204,205,207,207,205,210,212,158,107,127,119,110,134,196,208,209,207,196,204,202,198,198,198,204,201,198,191,196,164,152,184,

29,136,214,216,217,218,219,220,222,220,219,221,221,221,221,220,219,216,218,218,221,218,221,220,217,218,216,220,219,218,219,219,208,216,217,216,216,214,215,216,215,216,217,217,216,215,214,216,216,217,211,179,152,132,134,136,195,225,225,228,230,231,233,233,230,220,209,198,189,184,182,179,178,176,176,174,172,168,163,162,160,155,152,149,143,141,146,148,143,139,142,148,156,163,172,178,182,188,190,194,198,202,207,214,217,221,224,227,229,230,232,233,233,233,233,231,230,229,226,220,212,210,213,182,128,118,128,125,121,113,121,172,196,199,200,200,202,203,204,204,205,204,203,205,208,208,205,206,207,204,209,207,212,163,109,123,125,118,134,195,205,203,201,204,203,199,198,198,205,194,200,191,192,180,179,188,

30,134,214,218,219,217,218,220,218,222,221,220,221,221,219,219,221,219,220,220,220,219,219,211,219,217,218,219,219,217,219,216,215,219,217,217,217,219,217,220,211,216,217,218,216,217,214,207,188,161,136,132,140,137,138,149,211,225,226,228,231,231,227,214,200,191,185,185,185,185,186,182,177,170,161,155,147,139,130,125,118,114,110,108,107,105,104,100,103,103,104,105,107,108,117,121,123,125,120,126,131,137,143,153,159,164,170,173,179,186,193,201,208,215,220,225,229,229,228,225,213,209,209,208,207,159,119,128,126,123,113,113,158,195,199,202,201,205,205,203,204,206,203,204,207,208,205,206,207,203,208,208,203,210,170,104,121,131,119,137,193,205,201,209,207,202,197,199,202,204,205,195,184,182,181,191,

31,134,213,220,218,216,220,220,218,221,219,221,220,221,219,219,220,218,219,219,216,217,217,211,217,218,218,217,217,216,217,218,216,214,216,217,216,217,216,214,213,216,218,216,214,193,171,147,136,138,132,139,145,145,126,154,222,224,227,230,229,214,197,188,187,190,189,184,177,168,158,150,143,136,129,127,123,117,111,110,104,101,99,96,94,92,91,91,87,88,87,91,92,93,107,110,110,103,94,94,95,104,109,114,123,132,140,146,152,156,160,161,164,168,172,179,186,196,204,211,216,218,219,214,215,195,172,126,114,124,123,117,112,154,194,203,202,203,173,196,203,203,203,204,206,207,206,204,204,203,208,209,204,203,207,169,112,122,129,120,135,188,203,205,204,199,197,198,202,206,207,202,180,174,188,196,

32,135,213,217,217,220,221,221,221,220,219,220,220,220,220,219,218,217,218,218,217,215,216,218,214,216,216,212,215,218,213,216,214,214,215,215,216,213,204,214,216,217,206,182,152,140,137,136,140,146,148,149,135,127,103,153,228,226,229,219,200,187,189,189,181,167,156,149,142,136,132,130,128,125,121,118,114,107,100,98,88,84,88,89,80,79,78,79,78,76,77,76,78,89,94,98,101,91,81,86,83,87,92,98,104,111,117,123,129,136,145,157,165,166,165,166,163,165,169,173,177,185,195,206,216,217,217,193,127,117,124,126,122,110,138,186,201,197,187,195,200,201,202,204,205,207,205,206,204,202,207,209,204,204,205,206,185,120,118,127,118,124,176,200,200,201,199,202,205,209,208,204,194,180,188,200,

32,135,214,218,218,218,218,220,220,217,218,220,215,213,219,216,216,217,218,216,216,211,215,217,216,216,216,218,220,211,207,216,214,216,205,212,217,217,215,206,189,165,140,138,137,138,142,141,141,151,140,125,110,104,110,192,227,218,206,191,186,183,171,148,133,126,127,130,128,127,126,124,118,115,110,107,105,103,97,85,75,80,88,95,94,99,101,99,99,100,100,100,97,98,93,88,88,83,77,76,76,79,83,83,91,100,107,111,117,122,121,123,132,149,166,172,172,172,172,170,171,171,172,175,180,196,212,216,197,137,111,125,125,116,108,130,185,199,191,202,200,197,203,205,203,206,206,205,207,206,205,200,199,202,207,202,209,199,132,117,127,122,119,176,202,196,196,206,203,207,210,203,198,192,185,195,

31,135,216,215,217,219,218,221,220,220,220,219,213,212,217,215,214,216,218,217,216,216,216,217,215,209,216,218,218,216,216,216,216,212,209,216,211,198,174,153,139,134,140,141,142,146,141,130,127,131,119,107,129,172,202,214,207,196,189,182,160,134,125,125,128,131,129,128,127,125,120,116,110,106,105,103,103,103,105,106,100,103,105,106,109,114,113,115,116,116,118,116,112,110,107,104,99,98,94,80,70,70,84,90,85,85,90,98,106,112,119,121,120,113,128,150,164,172,176,175,175,175,172,173,176,175,183,207,208,202,156,111,125,127,116,106,123,177,193,196,199,194,200,202,203,203,207,206,206,206,204,203,203,203,206,204,200,214,204,129,114,132,124,122,170,201,191,200,204,207,205,202,195,192,185,145,

30,136,207,213,216,211,215,220,217,219,220,216,214,218,214,211,210,218,218,215,217,217,217,218,214,210,217,217,216,216,214,213,213,213,200,182,151,129,126,139,140,144,142,143,147,145,120,108,117,114,111,168,217,215,208,201,200,196,170,132,114,120,129,129,127,131,128,125,119,114,109,105,105,108,106,107,111,110,111,113,113,112,113,113,112,117,116,116,117,118,117,119,119,114,116,116,110,108,104,99,98,102,102,102,98,88,81,87,93,103,109,114,118,115,127,130,132,156,174,176,178,179,176,176,177,179,175,197,209,207,211,173,114,113,125,118,110,115,159,195,195,194,202,201,200,203,205,204,204,205,204,206,208,204,206,205,202,208,211,199,136,111,130,127,118,167,203,197,200,211,207,205,192,175,188,164,

31,137,208,212,216,213,218,218,218,218,217,212,212,218,218,217,218,214,218,216,219,218,218,217,218,213,215,212,214,217,218,212,199,172,147,129,130,135,140,142,144,146,140,138,128,112,109,106,108,105,146,210,205,203,201,202,194,154,116,114,120,126,131,129,128,125,119,115,110,106,104,102,106,110,111,113,113,115,116,116,116,115,115,118,117,120,118,116,119,121,117,119,119,117,115,115,115,111,109,107,107,110,110,111,109,101,83,82,83,89,99,104,112,114,126,135,132,127,137,171,180,183,182,180,180,183,177,191,210,207,210,215,192,126,118,126,122,113,108,151,192,192,200,201,200,203,206,205,203,208,206,204,203,204,207,207,204,207,211,207,204,143,111,131,131,118,166,202,197,209,212,208,198,186,194,202,

31,135,215,218,218,217,218,215,218,217,218,217,216,217,217,218,218,216,214,216,214,214,216,217,217,214,214,216,219,212,191,160,141,133,139,141,143,143,145,144,138,129,119,109,101,98,100,103,102,109,183,205,202,204,203,188,142,106,113,119,121,126,132,127,123,116,111,106,106,104,104,106,110,113,115,115,115,117,118,117,117,116,119,120,118,117,116,113,118,121,119,116,116,116,117,117,117,112,112,113,113,110,110,112,110,108,99,79,75,79,85,92,101,109,112,115,128,132,119,128,169,179,184,183,185,186,180,193,208,207,210,209,216,203,140,121,129,118,111,108,141,183,198,200,201,202,205,205,205,204,204,204,205,202,204,209,207,207,209,205,207,206,148,108,130,129,117,159,205,205,208,212,205,194,194,182,

30,136,213,216,218,217,218,216,217,217,217,214,216,210,216,218,217,217,215,217,213,214,215,216,214,220,214,195,170,145,140,142,144,145,148,152,146,137,127,120,114,102,103,103,105,105,105,105,104,129,190,201,205,201,184,150,120,110,116,122,122,126,132,125,113,107,105,105,104,107,111,114,115,117,116,118,118,117,118,118,118,119,121,119,115,111,108,109,113,117,117,114,113,115,119,117,117,115,110,114,114,115,114,111,112,111,108,96,83,77,80,84,93,103,110,111,112,123,121,107,133,170,179,183,184,187,178,194,207,207,211,210,210,215,208,146,111,120,120,114,104,129,182,194,201,202,203,205,202,206,203,199,205,202,202,205,203,207,208,206,206,206,206,154,107,127,128,118,152,195,208,195,206,200,199,196,

30,135,214,217,217,217,219,215,218,216,217,215,216,216,217,217,216,216,217,215,217,216,215,215,198,181,148,136,139,138,143,146,151,146,149,142,127,117,109,104,103,105,105,105,109,111,110,107,104,128,186,204,203,190,162,140,129,116,122,125,125,122,126,129,110,104,103,105,108,113,116,115,116,118,120,119,120,118,118,119,117,116,112,106,99,102,98,103,106,112,113,114,112,114,119,117,117,118,110,113,113,113,115,112,110,111,109,103,93,89,80,80,86,94,106,113,113,112,103,109,109,154,172,179,182,184,178,200,206,208,210,209,206,205,210,208,155,112,115,119,116,108,123,174,197,201,202,204,204,205,203,199,204,201,207,204,200,205,208,204,206,210,205,211,163,105,122,129,115,136,196,193,201,205,202,198,

31,134,215,219,215,211,214,205,218,218,217,214,215,218,214,217,215,215,214,215,218,211,188,157,140,136,139,142,144,148,147,142,137,125,115,111,109,104,104,104,105,107,107,108,108,108,107,111,108,126,188,205,196,175,151,137,131,117,123,124,122,116,120,129,119,103,105,113,115,115,117,114,113,118,118,115,118,118,116,116,110,99,86,86,88,92,94,97,102,106,108,110,110,113,118,115,114,114,110,107,107,108,111,110,107,110,109,105,100,97,92,85,86,90,99,109,114,114,101,109,108,132,165,172,179,180,179,206,207,206,208,208,203,209,213,212,219,180,116,111,123,120,116,119,163,197,204,203,203,203,201,204,205,201,205,208,202,204,205,202,202,199,208,207,211,169,109,120,128,115,132,195,203,193,188,189,

28,136,214,216,217,217,216,217,213,213,217,215,216,216,214,217,219,219,213,196,169,146,137,139,141,147,147,149,143,131,126,114,106,107,102,102,99,97,103,108,108,107,110,110,109,110,110,111,109,124,185,200,186,164,147,139,131,116,124,122,116,109,105,114,106,103,112,117,118,118,117,115,113,114,108,107,111,110,106,101,93,86,79,79,89,93,89,96,102,105,103,107,109,112,116,114,110,107,104,104,98,95,103,109,105,107,107,105,104,105,101,96,87,92,96,102,110,114,102,109,110,124,163,171,177,177,191,206,207,209,206,207,207,206,210,214,214,218,198,132,112,121,116,111,109,151,196,202,203,203,202,203,205,205,204,206,205,206,207,205,204,201,207,207,203,211,176,110,123,131,113,138,190,196,185,191,

30,137,211,213,219,214,216,216,214,215,215,213,219,215,215,215,204,181,154,139,138,139,140,150,137,130,129,113,106,106,104,101,101,104,100,103,104,107,108,109,109,111,111,109,108,108,111,111,110,112,173,199,179,158,136,140,128,116,123,115,108,101,102,96,103,114,118,120,121,120,117,112,106,103,103,103,99,97,93,85,76,72,73,78,88,92,89,97,100,100,102,105,106,109,112,114,112,103,102,98,92,88,86,94,105,106,104,105,105,105,107,102,93,90,96,102,106,110,106,110,116,126,161,178,180,178,202,208,207,208,207,209,209,203,208,213,212,207,212,207,158,111,118,117,114,109,141,191,201,204,202,201,205,207,205,204,205,208,207,206,204,208,206,207,207,205,213,183,116,119,128,117,134,183,194,195,

32,136,215,218,217,215,215,214,214,213,216,219,207,192,187,167,147,140,142,144,149,151,139,134,113,113,108,103,106,103,102,101,104,105,106,109,107,107,109,108,111,112,110,110,110,109,110,110,109,106,154,200,184,161,141,138,126,120,120,110,101,96,90,92,111,118,121,121,123,119,112,108,106,105,103,100,96,92,84,72,68,73,77,83,87,93,97,99,100,103,109,107,105,107,110,109,107,102,99,93,88,79,74,79,90,101,106,105,104,105,107,107,106,95,95,97,105,112,120,121,122,134,159,179,178,185,206,208,207,206,206,207,209,208,209,212,212,210,208,207,209,173,116,116,120,118,107,132,180,199,200,200,204,205,204,202,205,207,206,207,205,209,208,203,208,207,207,210,189,116,108,125,119,135,184,200,

29,137,215,214,213,212,214,213,210,216,203,185,150,144,145,143,147,148,149,150,138,121,109,106,109,105,104,102,102,105,106,104,106,108,111,110,108,109,110,109,110,109,111,112,110,112,111,110,111,108,127,190,188,170,150,137,131,125,114,103,94,90,76,100,117,121,123,124,123,120,117,115,111,103,97,95,89,86,84,80,78,87,93,96,98,100,103,102,104,105,105,104,104,105,108,106,105,103,100,97,90,81,75,71,74,81,94,102,98,97,100,107,110,103,92,97,112,118,127,130,130,141,160,176,177,198,209,207,206,209,204,207,198,206,208,212,211,209,211,212,209,215,185,117,113,117,116,109,121,166,194,200,203,204,202,203,206,208,208,207,207,210,206,199,206,207,207,206,211,195,123,106,123,122,132,177,

30,137,211,214,213,216,219,210,191,172,156,138,132,131,144,143,150,146,134,119,112,104,104,105,105,105,105,104,106,107,107,109,108,110,112,111,110,112,112,110,106,106,110,111,111,113,111,111,111,110,108,154,193,182,160,141,137,130,110,97,89,80,81,108,122,125,126,129,125,123,122,114,111,111,109,104,103,103,100,99,97,95,97,98,100,101,103,105,107,109,111,108,106,107,109,104,105,103,98,98,92,85,75,67,68,72,79,89,90,93,91,98,106,108,91,104,114,110,127,137,138,152,172,178,188,204,206,203,204,210,207,208,205,207,205,210,212,209,210,211,212,210,215,197,136,109,116,116,113,113,159,190,197,199,202,204,203,205,206,206,207,210,207,206,203,205,206,207,209,214,202,132,106,124,119,124,

30,135,213,218,213,205,181,154,137,136,138,141,145,140,139,134,133,119,111,105,100,99,98,102,108,107,106,107,110,109,107,109,111,111,111,112,111,111,111,110,108,109,109,108,110,110,110,111,109,110,110,113,165,189,174,154,143,132,108,96,87,76,90,110,124,128,128,127,123,121,117,113,114,114,111,111,111,106,93,82,73,75,79,86,90,93,98,102,105,109,111,112,109,109,110,105,102,97,94,95,95,92,87,76,68,68,69,75,83,87,91,96,99,107,98,95,102,107,134,143,154,169,176,170,196,207,208,205,208,210,208,206,208,209,207,208,211,211,210,212,211,210,210,214,207,149,114,116,114,113,111,147,189,194,198,204,203,203,205,208,208,206,206,207,206,202,204,207,211,211,214,208,137,103,119,127,

30,138,207,187,165,146,137,130,143,151,144,146,145,142,129,115,103,101,98,102,105,108,107,108,109,108,107,107,111,110,110,111,107,109,113,113,115,112,111,111,111,109,109,109,109,109,110,110,109,108,105,104,112,158,186,177,161,140,110,94,80,77,93,112,124,130,133,127,120,117,113,112,113,110,112,105,91,75,61,54,54,61,66,68,76,81,86,93,97,104,111,111,112,112,109,105,95,88,91,92,93,92,90,86,84,79,75,77,85,88,86,88,94,101,99,92,99,112,141,158,171,177,188,200,205,202,203,208,205,209,206,201,209,206,205,208,210,210,208,211,209,184,201,210,212,216,166,111,116,114,112,111,146,185,194,197,201,204,204,206,208,206,204,207,208,203,202,205,209,211,208,204,197,142,105,128,

31,122,155,146,143,149,147,133,137,147,138,137,123,113,101,99,102,107,109,108,107,107,107,108,109,108,109,112,112,111,111,112,112,111,112,113,112,108,109,110,111,110,110,109,110,110,107,109,109,110,110,108,106,109,142,180,182,165,144,109,79,81,94,111,128,133,134,124,118,113,111,111,112,106,94,83,75,68,63,59,56,57,61,66,64,73,79,86,92,98,108,114,114,114,113,105,84,78,82,82,77,69,66,68,80,92,95,98,96,92,91,94,98,105,107,97,102,130,160,173,178,192,204,205,209,196,199,205,206,209,206,204,208,206,204,206,211,208,208,206,204,201,204,210,213,212,214,165,111,114,113,112,111,144,183,196,198,202,204,205,206,208,206,206,208,204,202,204,206,211,209,205,206,207,161,141,

28,116,149,151,157,159,133,121,115,125,114,103,105,105,102,102,107,107,110,109,109,109,110,108,109,108,108,111,111,110,111,112,113,112,111,111,111,109,109,109,110,109,108,110,110,108,104,106,109,109,110,108,107,108,106,119,149,162,132,94,81,86,98,113,130,136,133,121,114,109,109,107,96,86,77,62,62,57,47,50,53,54,56,64,69,69,77,84,90,97,104,115,117,115,116,102,76,73,72,64,54,51,55,57,58,67,85,96,100,100,98,101,101,106,117,106,123,162,172,183,198,206,202,203,207,206,205,205,207,211,207,205,208,207,205,202,208,206,209,206,207,204,207,208,211,211,212,217,177,113,111,115,117,112,127,172,189,194,201,203,204,206,206,204,204,206,205,206,207,210,210,210,205,206,206,182,

31,118,160,155,136,133,106,109,116,110,102,105,104,102,106,107,108,109,109,108,105,107,106,105,105,108,108,109,109,110,110,111,113,111,109,110,110,109,108,108,109,109,108,110,110,108,107,104,106,106,107,105,106,108,107,105,103,114,106,84,73,87,96,113,133,138,130,118,109,108,102,83,73,62,56,52,58,56,48,51,59,57,50,60,69,75,80,83,89,97,107,116,118,118,118,104,75,66,56,50,46,53,61,63,64,60,62,80,94,100,101,100,102,106,118,131,159,162,187,200,203,204,202,201,204,206,198,203,207,208,207,197,205,210,209,206,208,208,208,208,209,208,204,208,208,207,211,210,219,192,124,112,120,121,111,122,156,186,192,198,200,205,207,204,205,201,204,208,207,208,209,209,205,206,207,211,

31,112,130,126,113,108,110,105,99,97,94,94,95,97,99,97,97,103,104,106,104,104,107,105,106,107,108,110,111,110,109,109,112,110,109,110,111,109,109,106,106,107,108,108,107,108,107,106,107,106,106,107,108,108,105,108,107,105,93,80,67,85,91,117,138,140,129,117,109,101,85,77,70,71,81,83,79,77,73,69,63,59,54,59,70,80,80,84,93,101,111,119,124,122,120,112,78,63,53,48,46,48,49,50,49,54,57,60,75,94,102,101,103,106,116,134,122,107,135,189,202,200,202,202,200,203,204,205,205,204,209,194,200,208,207,207,210,205,203,208,208,208,210,208,208,209,212,206,212,215,204,135,111,118,113,115,128,152,185,196,198,200,205,206,205,206,206,204,208,207,210,209,206,208,206,209,

29,101,113,111,138,172,186,168,147,106,85,85,87,89,90,89,92,92,95,97,100,102,102,103,104,102,104,106,107,107,109,109,108,108,106,106,108,110,111,109,106,108,108,108,107,107,108,109,109,108,106,105,106,107,107,107,106,98,85,74,72,83,90,121,139,139,128,117,103,95,93,93,96,100,103,101,99,97,93,88,84,79,75,75,77,77,87,96,100,109,118,125,128,125,122,120,90,67,54,41,41,41,52,69,40,46,47,55,64,77,99,101,101,105,118,119,115,109,105,114,166,196,199,200,202,203,201,204,207,208,205,206,206,207,207,208,209,208,204,208,209,208,210,209,209,210,212,212,211,210,214,208,151,111,114,116,116,122,140,181,196,193,200,206,205,207,209,205,209,208,207,209,208,206,201,205,

28,104,160,178,217,205,186,204,215,197,139,86,76,75,77,77,81,85,85,89,92,94,96,98,98,99,101,101,101,105,107,106,103,104,106,105,106,108,108,109,109,109,109,109,107,106,108,110,107,105,106,107,107,106,105,106,106,99,89,77,75,83,93,127,140,139,132,125,123,119,115,110,110,108,105,102,99,97,91,88,84,81,81,82,84,92,97,102,106,117,122,127,129,130,127,123,104,77,64,56,50,48,52,55,55,51,52,54,51,66,81,99,96,102,116,104,107,119,115,100,101,141,190,200,202,201,200,202,208,206,202,204,201,203,206,205,205,208,206,207,206,208,208,208,207,208,211,211,211,212,209,211,213,184,124,108,116,113,110,140,181,193,195,201,204,204,206,206,207,208,208,208,206,204,201,208,

30,134,196,203,209,203,191,205,212,210,208,162,103,73,64,66,69,73,76,77,80,84,86,90,93,94,94,96,101,103,105,106,105,107,105,105,105,104,105,107,108,108,107,108,106,106,107,108,108,107,105,105,106,105,105,105,114,130,116,88,77,85,97,132,139,138,137,135,136,133,127,120,112,107,103,101,96,94,92,89,88,88,89,95,105,108,109,113,118,124,128,129,132,136,132,129,115,94,76,64,60,60,70,78,82,82,79,79,73,62,62,83,97,99,110,97,93,105,118,114,106,100,120,175,200,199,199,200,206,204,205,202,193,198,208,207,208,208,207,202,206,205,208,208,206,208,211,210,208,211,210,209,210,211,194,131,107,113,113,102,113,158,180,196,198,203,204,206,206,208,210,209,207,207,206,209,

31,137,204,207,215,199,186,196,196,193,200,202,170,118,83,62,58,62,66,69,72,75,77,81,85,87,91,92,96,97,101,102,101,102,103,102,103,102,103,105,105,106,106,107,106,107,106,107,108,109,108,107,106,105,103,105,121,120,124,107,88,87,104,138,141,141,140,139,138,137,133,132,129,124,120,114,111,108,106,103,100,101,106,113,115,115,116,123,129,129,127,130,135,137,135,132,121,107,94,82,68,65,68,77,87,92,94,93,96,92,74,75,94,106,112,96,96,96,97,110,117,111,99,102,150,191,198,199,202,204,206,204,197,202,206,208,209,205,195,204,206,206,208,196,205,209,209,209,207,209,205,208,209,208,211,202,148,104,112,116,106,112,163,192,193,201,204,204,206,206,211,210,209,209,210,208,

30,137,209,212,211,191,187,192,195,192,189,190,192,174,144,104,74,56,55,57,62,67,71,74,76,78,82,84,88,93,93,96,97,96,98,99,100,99,101,102,102,103,101,103,104,103,106,105,107,108,106,107,105,104,101,111,112,96,109,120,111,93,113,142,142,142,143,141,143,141,140,140,138,134,129,126,121,120,118,113,111,113,117,118,120,120,124,128,131,130,126,131,137,141,140,134,125,117,102,100,89,79,77,78,83,85,86,85,89,94,94,90,95,107,117,99,93,94,95,92,101,117,112,104,101,127,180,199,202,204,204,204,201,200,206,198,198,206,202,199,204,207,207,207,207,207,209,208,210,208,207,208,211,208,206,205,206,161,110,113,118,111,113,143,190,196,198,201,204,206,209,213,210,208,209,208,

29,135,212,219,201,193,191,192,189,193,184,192,184,185,181,148,118,91,64,51,53,57,60,65,69,71,73,77,81,85,87,90,94,96,96,97,99,98,99,100,99,100,101,102,103,101,103,104,103,102,104,104,104,104,102,113,109,100,106,121,118,110,127,143,140,145,146,142,145,143,145,143,142,142,140,134,131,127,122,122,121,121,122,124,124,125,129,131,132,127,128,135,141,143,145,138,127,121,108,106,102,96,89,91,92,93,97,100,101,102,106,110,115,119,118,98,96,88,89,94,92,98,111,116,109,102,108,153,192,200,201,202,200,188,201,204,205,199,199,201,204,203,205,206,207,208,208,205,209,211,207,207,208,206,206,207,207,213,177,113,110,113,109,110,141,186,195,197,202,205,208,213,210,210,208,210,

30,136,212,203,185,188,189,191,183,193,186,180,188,182,180,176,141,119,102,81,61,48,50,54,59,61,66,71,74,76,79,83,88,89,91,93,97,97,96,100,100,98,98,98,98,100,103,106,105,101,102,102,104,103,103,115,107,101,112,125,120,122,138,143,142,146,146,145,145,147,147,145,145,147,144,142,139,132,126,126,129,128,127,125,126,128,130,132,131,130,132,134,140,151,150,140,128,123,119,111,108,105,104,99,100,102,103,105,109,113,115,120,123,127,124,99,95,91,91,92,90,89,92,109,117,111,104,101,135,187,198,196,202,202,201,206,206,200,206,203,203,202,204,205,205,206,208,204,207,208,209,205,206,203,207,210,210,208,211,187,119,114,112,114,105,129,174,190,199,204,205,211,209,211,208,206,

31,137,211,201,184,185,186,183,187,192,185,168,187,186,185,184,170,135,117,101,93,76,55,48,50,53,58,62,66,70,74,78,82,84,87,88,90,93,94,95,95,96,96,100,97,99,100,102,103,101,101,103,105,106,107,119,108,104,120,128,121,125,140,144,144,146,148,148,149,149,149,150,150,149,145,141,139,133,127,127,126,127,128,127,128,128,128,129,130,134,138,146,165,185,177,156,134,123,119,115,112,108,108,110,107,110,112,115,119,122,123,123,126,130,132,120,98,93,92,93,89,87,92,95,100,107,115,111,102,114,165,194,201,200,201,204,205,201,206,202,200,201,205,203,203,204,207,207,207,207,208,207,207,205,203,208,209,209,208,212,195,136,111,116,111,106,119,165,193,200,204,207,208,207,208,204,

31,138,211,193,187,194,191,192,193,170,182,191,189,189,186,183,174,157,132,122,114,101,87,68,55,47,48,53,58,61,66,68,71,76,80,84,87,87,87,89,91,91,93,95,96,97,97,96,98,98,100,99,102,103,104,119,110,104,127,133,133,129,142,144,146,149,150,151,153,150,150,154,151,150,145,144,138,131,129,125,126,125,126,127,127,127,126,126,128,133,154,177,190,196,190,173,150,125,117,118,114,112,109,113,114,117,120,123,125,128,128,126,127,132,129,115,103,93,93,92,92,91,89,91,90,92,108,118,112,104,102,138,189,199,199,203,205,205,204,205,203,197,202,205,205,203,205,206,208,208,207,206,206,207,201,203,207,208,208,208,214,209,151,112,112,111,103,110,159,192,196,204,206,207,210,207,

31,137,208,188,178,194,192,193,192,191,179,184,188,189,188,185,177,172,148,129,123,115,105,94,81,67,54,47,47,53,58,63,67,70,71,75,79,82,85,86,86,86,89,91,93,95,97,96,96,96,96,96,96,99,98,114,110,108,131,141,128,109,141,143,147,152,151,154,153,155,155,154,151,150,145,142,135,130,126,124,124,123,123,124,123,126,129,130,130,146,169,178,190,193,185,173,160,129,116,115,114,112,114,116,118,120,124,128,128,130,130,129,129,134,124,97,103,95,95,96,94,93,89,87,89,90,93,103,114,117,108,98,115,169,196,199,201,202,201,205,204,194,194,204,204,204,203,204,206,207,206,208,207,206,206,203,205,208,209,209,210,212,215,162,115,115,112,104,105,148,192,195,202,193,195,209,

31,139,204,194,186,190,191,193,192,193,176,177,187,186,186,186,183,181,176,136,126,120,114,111,100,89,77,62,52,45,46,52,58,61,65,67,72,75,78,81,83,85,88,87,92,94,95,95,94,96,94,95,92,95,96,110,114,110,134,133,104,88,135,144,149,151,152,157,156,157,157,153,151,149,144,139,133,130,125,123,118,119,119,123,132,135,134,134,147,166,168,177,182,182,175,166,160,135,118,115,108,110,114,119,122,124,125,131,132,132,133,131,128,136,123,95,106,94,96,96,94,94,93,93,92,88,88,89,91,111,118,108,99,102,145,188,196,201,202,203,200,199,170,187,203,202,201,201,206,206,209,208,204,205,207,204,204,208,210,207,209,209,211,209,179,118,107,112,111,102,137,181,196,189,190,206,

31,133,193,196,195,196,193,196,182,189,186,182,181,186,186,184,186,185,181,159,133,127,121,117,113,105,94,82,74,64,51,44,45,51,56,59,64,69,70,73,78,79,82,84,86,91,90,90,93,95,93,95,93,94,95,103,117,114,133,121,95,99,137,145,150,153,157,157,157,157,155,153,150,146,142,140,134,126,119,117,113,114,116,127,137,139,138,149,162,162,162,167,170,167,162,158,154,142,127,121,109,107,109,115,120,125,127,130,133,134,134,133,131,136,122,94,108,94,91,92,89,94,96,97,93,89,88,87,86,89,102,112,109,102,99,122,172,196,197,200,197,193,196,197,200,201,199,200,206,208,211,207,206,207,205,205,205,206,209,201,208,208,209,209,214,200,139,111,120,114,100,124,174,193,193,199,

31,129,186,199,192,197,194,195,195,191,191,187,182,183,188,188,187,190,177,178,149,129,124,121,116,111,108,101,89,83,73,62,48,43,47,51,56,61,65,68,71,72,77,79,82,84,87,89,89,90,91,91,94,94,95,95,111,119,133,113,91,121,141,144,154,157,158,157,156,157,155,151,147,145,142,139,130,120,110,106,105,110,112,120,119,115,120,135,148,149,158,165,162,159,155,153,147,143,140,134,119,102,105,111,120,126,130,131,130,134,133,133,132,136,124,99,106,95,95,92,90,96,93,99,97,98,91,87,87,90,90,95,107,115,108,99,108,152,190,196,197,198,202,202,196,194,197,197,204,207,210,209,206,208,207,203,206,206,207,207,211,210,210,211,209,210,210,151,112,113,114,103,115,160,187,196,

30,128,199,199,196,197,197,195,195,191,190,191,189,185,188,190,190,189,181,182,173,140,131,126,119,115,112,107,103,100,91,79,63,60,50,44,47,51,54,59,63,66,70,73,77,80,82,85,86,87,87,89,90,90,94,91,105,123,131,110,97,130,138,141,154,160,161,157,158,160,154,147,145,142,137,131,123,110,104,109,113,115,111,107,102,76,60,96,124,129,141,156,156,153,153,149,138,134,136,126,123,102,97,106,117,125,130,130,127,131,131,133,133,138,119,101,108,94,92,92,94,95,96,95,94,94,92,90,90,91,93,88,90,108,120,118,103,95,126,180,193,195,200,196,200,200,196,200,203,197,201,206,205,208,205,202,204,205,205,206,210,210,210,211,211,211,212,213,176,118,110,117,111,119,160,190,

31,134,204,200,196,196,197,192,193,194,195,194,192,187,175,184,192,190,183,181,181,163,133,127,122,121,119,114,109,99,101,97,84,76,70,61,49,42,43,51,55,60,63,66,69,71,75,77,81,82,84,85,87,90,93,93,100,124,131,114,105,130,140,139,153,164,164,160,163,168,159,146,142,137,133,123,114,111,119,124,122,123,121,105,97,85,65,55,84,115,125,136,138,135,136,135,123,115,93,93,110,100,93,101,115,124,128,128,130,131,133,133,134,137,111,103,103,94,94,95,96,94,93,92,92,93,95,95,94,89,86,87,88,92,98,117,115,104,98,114,162,193,199,198,200,199,196,198,202,202,204,207,205,204,203,202,203,203,207,207,208,210,209,208,209,211,208,207,214,191,132,111,120,116,105,133,

29,134,202,202,203,201,199,200,199,198,197,196,195,192,177,175,191,191,185,178,180,175,146,130,127,124,121,118,114,103,103,98,95,93,84,75,67,59,48,41,44,51,56,59,62,65,70,72,74,76,79,80,85,89,92,90,95,121,134,128,128,124,137,140,150,159,160,157,164,163,158,144,136,131,126,117,114,123,128,127,126,126,126,120,106,96,87,77,68,85,115,119,118,118,119,122,104,66,65,87,104,107,100,102,112,123,129,129,129,132,134,134,133,137,112,106,99,94,94,95,95,95,92,95,96,97,95,94,93,90,89,92,90,86,87,90,102,113,110,106,103,139,188,200,200,200,200,197,201,204,207,206,205,205,204,203,200,204,205,207,206,202,206,198,210,209,209,208,205,210,208,157,118,119,112,109,

32,136,203,203,202,201,202,203,201,199,198,193,193,195,194,189,191,191,184,181,181,179,173,140,131,127,119,117,116,113,108,98,100,98,98,92,83,74,68,60,48,42,44,49,54,56,62,67,69,74,76,76,78,83,88,90,91,113,130,137,146,125,124,138,144,148,151,158,159,158,155,146,134,129,123,118,124,130,130,131,129,127,127,126,120,116,109,107,103,90,107,113,109,106,108,102,75,69,78,93,108,118,116,109,111,119,127,127,128,131,134,134,133,135,115,112,96,97,94,94,95,94,92,93,96,97,94,93,93,92,90,89,89,86,87,86,81,91,108,114,103,99,121,173,198,199,198,194,202,204,205,206,205,204,201,201,203,202,188,203,204,197,206,207,208,207,207,209,209,205,208,212,167,115,113,123,

30,134,205,206,204,204,205,204,201,199,199,187,189,195,193,191,186,185,182,181,184,176,180,164,135,130,121,119,117,113,110,108,106,103,100,97,88,88,82,73,67,60,48,41,43,48,53,59,63,64,67,71,73,76,79,83,84,100,123,125,149,142,133,135,142,142,148,155,157,154,148,144,133,127,122,124,129,131,132,134,133,131,131,127,127,122,118,114,113,108,109,107,106,105,96,83,90,98,100,109,115,121,125,118,112,116,125,127,129,130,131,134,133,133,119,109,93,97,96,94,94,95,94,93,94,95,95,93,93,91,92,91,90,89,86,83,84,86,86,104,115,108,102,105,146,189,194,193,202,204,203,206,202,194,202,201,201,202,193,202,203,207,206,207,208,209,209,208,209,209,207,207,215,183,118,112,

29,135,202,205,205,205,202,204,202,198,199,200,198,199,192,191,189,188,186,184,186,182,178,177,153,135,132,128,121,118,112,102,106,106,100,99,79,90,91,87,84,78,66,58,49,42,43,47,55,58,63,65,68,72,76,79,80,87,124,132,146,142,134,131,141,142,141,151,152,150,145,138,131,127,122,129,133,132,133,136,136,134,133,130,127,125,120,116,111,105,101,100,101,99,93,98,105,112,115,118,122,127,129,125,118,117,124,128,129,129,133,135,132,130,124,103,96,98,93,92,97,98,95,97,99,93,92,94,91,90,92,92,93,90,89,86,85,87,86,82,93,112,112,103,100,123,174,191,197,204,203,201,205,203,199,198,199,202,199,201,202,203,205,208,207,208,205,206,209,209,206,207,209,213,187,142,

30,134,204,202,203,199,193,199,201,202,192,198,200,201,196,198,193,189,187,181,181,176,179,181,177,137,129,131,123,121,119,110,111,109,103,90,89,94,89,90,90,86,80,71,66,59,50,43,44,48,51,55,60,67,69,72,81,85,116,145,141,135,130,135,140,142,139,148,154,149,144,137,135,130,128,136,135,134,136,136,137,138,135,134,132,130,123,116,107,100,97,94,93,94,100,107,112,117,121,124,128,131,133,131,126,121,121,125,125,128,133,134,130,127,122,99,98,96,93,97,98,96,92,93,94,92,93,93,92,93,94,94,93,93,90,88,84,88,89,85,84,90,107,117,110,100,109,154,195,203,204,202,203,204,202,202,198,200,199,196,203,204,203,207,208,206,208,208,208,207,209,210,210,207,211,214,

29,135,205,202,206,205,205,202,198,198,192,194,198,201,200,199,195,194,191,188,180,183,184,184,181,168,137,135,131,128,122,117,115,111,108,99,102,99,94,84,88,89,89,85,78,69,64,57,47,42,41,44,48,56,60,68,81,84,96,144,144,142,145,142,136,144,140,146,152,152,147,140,146,135,132,141,138,137,139,138,139,140,138,137,137,140,141,128,108,93,89,90,93,97,105,112,114,120,124,128,132,135,135,131,132,128,121,124,123,128,134,133,128,126,114,93,93,95,96,97,91,87,94,94,90,92,93,93,94,96,96,97,94,94,92,89,89,91,92,92,88,87,90,104,120,113,105,102,134,184,202,202,202,205,202,200,198,196,198,198,201,205,203,206,207,206,208,203,202,209,209,210,209,210,211,210,

29,134,205,203,207,195,199,204,200,199,200,198,198,201,200,196,191,188,181,185,187,188,185,186,167,176,154,136,132,131,125,125,121,112,108,108,106,102,100,95,94,92,87,83,87,82,77,69,64,58,48,41,44,50,55,69,78,81,78,124,145,144,146,132,127,145,141,144,151,152,152,150,154,141,142,145,142,137,139,140,138,138,135,138,145,150,154,148,129,114,104,98,102,107,113,117,123,126,132,135,134,137,137,133,135,128,125,124,120,130,135,134,131,129,97,93,94,96,97,96,87,85,94,93,93,92,97,98,96,95,94,93,94,94,92,93,93,94,93,94,92,92,90,90,97,115,118,110,101,114,167,198,202,203,200,196,199,197,201,198,195,199,204,205,206,206,207,203,209,209,209,209,209,211,210,209,

29,133,206,202,205,200,202,203,200,202,202,199,200,201,199,198,195,190,186,189,187,185,184,185,186,181,175,144,135,130,124,126,122,119,115,110,110,104,103,101,98,95,90,88,92,89,87,84,76,68,65,59,60,62,52,70,79,81,77,95,135,138,133,113,111,145,144,142,150,152,157,160,160,151,148,147,142,140,138,136,134,125,115,124,125,130,127,125,121,116,119,118,117,115,117,121,124,127,142,150,142,139,138,140,138,135,132,124,123,133,137,133,134,125,82,88,95,97,97,96,100,101,97,93,91,92,96,96,95,95,95,95,95,95,94,95,94,93,92,90,91,92,89,90,93,95,107,118,115,105,103,145,192,201,199,196,198,199,202,199,199,199,201,204,206,206,204,201,207,207,209,210,207,211,212,211,

31,135,207,208,204,210,206,205,203,195,203,202,203,199,196,198,200,197,192,195,192,179,181,182,184,181,184,169,140,133,127,127,121,122,119,114,112,110,106,103,101,97,93,95,93,92,90,88,83,77,75,68,69,85,71,69,74,80,77,75,98,121,119,101,102,145,151,144,150,155,159,162,162,166,155,148,139,134,131,127,118,103,99,105,117,123,123,120,113,103,100,99,99,98,104,107,109,121,143,156,151,137,131,141,140,140,135,130,127,133,137,132,133,114,86,93,97,96,91,86,88,90,89,90,86,78,83,95,97,97,95,96,94,95,95,95,96,96,96,93,94,92,88,88,91,89,89,96,113,114,104,99,122,174,199,199,198,198,198,198,198,200,195,201,204,206,206,206,207,209,207,208,206,208,211,213,

30,134,207,210,208,208,208,203,204,196,193,202,197,200,197,199,198,200,197,196,197,196,192,187,185,184,181,179,151,130,134,132,127,122,122,119,114,114,110,109,104,103,98,98,93,92,89,89,87,81,79,80,80,83,92,84,82,83,80,73,67,73,82,102,108,144,155,150,147,154,158,166,167,170,165,150,133,121,112,102,90,78,79,86,90,96,98,100,106,99,92,92,92,95,92,93,97,106,116,124,132,125,131,138,139,139,136,133,132,136,135,131,135,105,91,95,89,81,81,76,78,77,74,74,78,75,81,91,90,85,76,80,86,94,94,93,95,96,98,97,94,93,91,90,90,89,89,87,89,103,111,111,99,104,156,190,195,195,194,194,196,201,196,202,198,201,204,205,207,207,208,209,207,205,209,213,

31,136,208,209,207,208,209,208,207,203,190,202,196,200,198,197,198,194,193,195,194,196,195,195,190,177,183,177,168,136,133,132,129,126,123,122,119,117,112,103,103,97,104,102,101,95,93,90,88,87,84,85,91,85,88,93,90,84,78,75,67,58,70,108,114,139,154,153,148,156,160,168,173,173,165,147,133,118,94,83,77,92,126,146,148,145,137,131,113,102,87,81,82,83,82,76,78,85,90,94,98,117,133,134,140,140,139,133,133,135,132,129,130,103,91,91,84,83,83,82,83,83,79,80,80,85,81,79,75,72,68,66,79,93,92,94,93,94,96,98,96,95,93,93,89,89,88,89,86,88,96,108,115,105,100,129,179,193,195,198,196,199,200,203,202,203,202,202,203,202,205,207,208,207,209,212,

29,135,212,208,208,207,207,207,208,206,205,200,186,198,197,199,199,195,195,196,194,193,197,198,195,186,184,182,182,167,139,135,132,130,123,119,121,119,113,105,108,101,106,104,101,99,96,94,90,87,86,87,91,89,88,88,87,84,76,70,68,56,66,112,124,138,151,157,151,158,162,164,172,172,166,151,145,140,135,135,139,151,156,165,169,170,179,184,180,167,140,135,123,115,112,112,103,98,88,79,91,117,121,130,141,140,139,135,136,136,134,128,117,96,91,90,88,89,88,86,84,82,82,84,83,86,87,79,76,72,71,76,90,93,93,92,89,88,88,91,90,90,93,92,93,92,87,89,91,91,91,90,102,116,110,99,112,164,197,199,195,198,199,201,204,204,200,202,198,203,204,204,206,207,209,211,

31,135,207,207,206,203,206,206,205,207,205,195,177,197,199,196,198,197,196,198,199,198,197,195,195,191,187,186,186,184,158,138,135,130,124,115,116,117,117,114,111,109,109,105,102,103,100,94,91,89,87,87,97,95,95,91,90,86,81,75,67,61,63,118,137,138,150,157,153,156,160,158,165,169,165,154,149,156,166,159,150,148,144,148,151,151,160,167,174,180,179,182,173,157,147,146,153,162,156,123,88,84,100,122,139,140,137,136,134,134,132,118,97,91,89,87,88,89,88,89,88,85,83,84,81,84,85,83,78,78,83,91,95,89,83,80,75,77,75,80,74,72,84,91,90,91,92,92,90,89,91,93,89,97,111,114,103,101,144,190,195,195,196,201,201,202,201,201,201,205,205,205,204,206,208,211,

31,136,210,212,207,206,205,206,206,205,204,194,191,200,201,198,200,201,197,200,200,201,199,194,195,193,191,191,192,186,182,151,133,124,114,118,120,117,118,117,112,114,112,109,106,106,103,99,95,94,94,93,97,98,99,97,88,87,84,80,75,68,63,117,144,138,146,160,156,150,158,158,160,164,161,159,157,160,166,164,154,148,148,146,145,143,146,155,158,160,164,158,155,149,144,140,143,147,151,147,134,103,99,120,133,139,139,137,135,133,133,108,92,94,90,91,90,89,87,93,93,86,85,85,80,83,86,83,83,87,90,92,84,77,74,76,76,79,79,76,72,75,80,78,79,87,95,91,90,92,92,92,92,90,91,104,114,111,102,121,172,197,194,200,203,199,201,198,203,204,205,206,204,205,207,208,

31,137,211,214,210,208,206,202,202,206,204,198,202,201,203,201,201,200,200,201,199,199,200,199,195,194,188,189,190,190,187,170,139,132,131,130,129,123,124,109,104,117,113,109,108,108,105,102,99,97,97,96,96,96,95,94,88,83,79,77,72,65,61,116,146,137,139,156,160,148,155,157,156,160,159,159,159,164,165,166,163,154,151,149,144,143,143,142,139,144,139,136,132,133,130,133,130,134,141,139,145,152,149,142,136,140,144,136,134,132,133,104,91,93,92,91,90,90,90,89,91,85,86,83,82,82,87,83,90,94,89,82,79,78,75,78,77,79,79,76,77,81,74,72,75,82,95,99,97,95,93,89,88,89,89,90,102,121,121,105,104,145,187,194,202,201,200,198,201,205,202,207,204,201,201,208,

31,136,206,208,205,207,209,203,201,202,202,205,204,199,202,200,201,201,200,202,201,199,201,199,196,196,194,190,190,190,187,187,163,137,137,134,130,127,124,119,119,118,116,114,112,111,105,104,102,98,99,100,99,95,94,92,89,87,82,76,72,66,61,111,148,137,136,145,157,149,150,159,158,158,155,155,163,166,166,165,164,160,153,147,137,129,124,120,120,122,119,117,116,119,118,122,121,125,133,137,144,155,157,153,148,148,148,136,129,131,131,95,89,92,92,93,91,92,92,92,91,89,88,88,89,87,85,87,95,95,86,81,81,84,81,80,77,78,78,77,80,83,79,74,72,84,96,99,100,94,94,91,90,88,92,93,97,97,115,117,105,97,123,172,190,195,198,197,197,202,199,195,201,200,199,208,

29,137,204,207,202,200,207,206,207,205,203,203,205,202,201,202,203,201,199,202,202,200,200,200,198,195,194,193,190,190,189,188,184,151,139,134,132,129,127,126,123,120,118,118,116,113,105,100,95,102,103,103,102,98,97,92,92,90,86,81,76,68,62,106,148,134,131,138,154,149,144,152,157,158,161,160,160,159,164,161,157,159,153,147,140,134,127,115,111,108,109,109,109,109,109,114,119,124,132,139,145,153,161,158,150,148,140,132,127,131,126,95,91,91,93,93,92,92,90,93,95,92,92,91,91,91,90,91,92,87,83,81,79,79,82,82,81,85,81,79,81,81,80,77,75,79,86,96,96,96,94,92,91,88,88,86,96,95,88,102,118,111,102,110,149,188,194,196,197,200,200,199,196,202,204,206,

30,136,212,209,206,209,208,206,207,206,202,204,201,205,199,199,203,201,200,203,204,198,200,202,198,189,182,188,192,189,188,186,184,167,135,134,134,132,131,127,127,119,116,116,117,114,112,103,96,105,106,107,109,103,100,96,94,91,86,83,79,75,81,130,152,133,125,130,140,149,144,146,154,159,163,159,156,157,162,160,153,149,152,145,141,134,129,120,116,111,110,109,110,114,117,119,126,130,137,146,145,151,155,153,152,146,134,129,127,130,118,95,92,93,94,92,92,94,92,92,94,93,93,93,91,93,93,94,89,85,85,84,86,84,81,84,84,83,80,80,80,81,83,80,76,74,85,97,98,97,95,93,93,91,87,87,87,87,90,88,89,110,114,109,103,129,175,190,195,198,196,200,200,202,203,206,

30,137,208,205,203,209,208,208,206,206,205,205,206,204,195,199,198,189,198,197,203,194,199,196,202,189,186,190,191,189,187,188,183,176,146,134,139,135,133,130,128,116,112,116,119,117,108,100,103,104,105,104,105,103,104,102,99,96,92,93,89,82,112,147,149,133,110,126,135,146,140,140,149,153,157,158,157,156,163,160,155,148,149,149,142,136,131,127,119,116,114,114,115,118,119,127,133,134,139,142,148,154,150,151,150,143,135,127,127,128,109,92,94,93,93,94,94,95,93,94,94,94,93,94,94,92,89,87,88,88,87,86,87,87,86,84,83,84,82,81,79,81,83,78,75,73,87,90,86,86,94,94,94,90,90,89,87,86,86,85,84,89,100,113,109,99,108,156,189,195,195,198,200,200,199,202,

30,136,205,207,209,205,206,209,202,207,206,202,206,203,204,205,199,198,202,203,203,198,201,202,201,196,198,197,189,187,190,189,183,180,165,149,141,139,137,133,130,122,120,121,123,119,108,104,107,108,105,107,107,105,104,101,99,96,97,96,95,88,129,140,139,138,94,115,129,139,139,133,142,152,157,164,164,159,158,157,158,158,153,153,148,146,141,134,131,125,121,120,123,127,134,142,143,143,141,143,148,150,146,146,148,145,136,127,127,125,100,90,91,94,94,90,94,95,96,95,94,96,95,94,94,93,94,92,91,91,92,92,91,88,88,86,87,86,87,84,86,86,84,81,77,77,78,73,69,72,78,86,91,91,98,94,89,88,88,87,86,90,86,90,107,112,103,100,133,179,194,194,197,200,198,201,

32,137,206,208,210,197,205,209,204,205,204,204,205,205,205,203,204,204,203,204,203,202,202,201,200,195,183,192,195,191,191,190,190,186,184,173,142,141,137,135,134,127,128,128,126,121,118,110,111,113,111,108,110,108,109,108,102,100,99,97,95,94,139,140,145,145,98,95,119,131,136,130,137,149,158,164,165,161,159,157,157,157,156,157,156,150,148,144,142,141,143,144,141,143,147,150,150,150,146,146,146,146,149,145,143,140,131,122,124,118,92,91,88,93,90,91,94,95,95,93,94,95,95,94,95,93,94,94,93,89,92,91,91,88,89,88,86,89,88,90,90,90,83,81,87,83,76,73,72,86,91,91,92,90,91,98,94,90,91,90,91,93,91,87,89,105,111,109,98,115,163,191,195,194,196,197,

32,136,202,203,206,207,201,199,204,208,207,204,205,207,203,204,204,203,205,206,206,204,202,200,201,201,190,194,190,190,190,191,191,186,185,183,158,140,138,135,132,128,131,130,127,125,119,111,115,116,115,112,106,107,110,108,107,104,99,97,95,105,146,141,146,155,121,76,107,120,130,126,128,140,154,160,166,163,157,156,155,157,160,165,166,163,162,162,163,163,162,163,160,159,160,158,155,153,149,150,142,143,145,144,143,138,125,119,120,109,89,91,90,91,92,95,94,95,94,93,93,95,93,95,94,94,93,92,93,95,92,91,88,88,91,87,87,93,89,86,82,86,84,80,80,78,74,73,72,76,79,79,83,86,88,88,93,93,93,91,90,92,92,91,91,88,89,105,111,104,108,141,186,195,196,194,

30,134,208,205,205,208,198,199,206,205,208,205,206,204,202,202,201,202,204,206,183,196,201,200,202,204,200,195,191,195,195,194,187,182,184,187,181,149,140,133,131,127,132,131,129,128,127,120,118,118,115,114,110,103,108,108,107,102,98,97,102,108,147,144,143,160,144,90,85,112,119,124,123,136,150,161,162,165,161,160,155,160,166,167,170,177,178,175,172,173,170,172,174,177,177,170,165,163,158,153,146,146,144,148,142,132,120,118,119,98,87,87,89,87,91,93,95,94,93,92,93,93,93,95,95,97,95,94,94,94,94,90,91,92,92,92,91,92,89,90,86,87,88,85,80,79,78,77,74,71,72,68,69,84,90,91,93,94,94,92,89,89,90,91,90,88,88,88,103,113,110,101,118,167,192,194,

31,132,199,210,205,203,207,204,204,206,206,204,205,204,204,204,199,201,202,204,188,197,201,202,202,201,200,195,194,197,195,197,188,181,179,183,186,173,145,139,134,127,133,133,130,127,126,127,126,123,120,115,110,105,107,109,109,106,105,104,101,105,143,143,139,155,163,126,70,98,113,120,124,129,144,156,160,160,161,160,163,160,164,166,168,170,177,175,174,174,170,174,175,176,176,176,174,167,158,153,150,151,149,146,134,125,116,117,111,87,83,85,86,88,87,88,92,93,93,92,93,93,94,95,96,95,95,95,93,95,95,91,91,92,92,93,94,89,90,88,88,86,84,82,82,81,81,81,82,81,80,78,73,80,90,92,94,94,92,92,94,96,97,94,90,87,84,86,87,95,108,113,101,101,143,184,

30,134,199,202,203,201,201,205,206,202,205,208,203,204,202,203,198,201,201,203,204,202,203,204,202,200,200,198,199,195,196,196,190,187,186,189,185,188,160,144,140,133,133,132,129,127,124,124,126,127,122,120,118,111,103,111,111,110,110,109,100,100,140,142,136,114,155,159,99,72,104,116,117,120,134,148,154,157,161,164,164,166,166,167,165,165,169,174,168,168,167,168,169,175,175,176,172,164,157,153,151,149,148,143,132,119,113,116,106,84,84,85,86,86,85,86,89,92,89,90,91,92,93,91,91,93,95,96,95,95,95,94,93,93,92,91,90,92,88,88,89,87,86,86,84,80,82,85,85,81,80,76,77,84,93,94,92,94,94,94,96,97,97,94,91,89,89,88,89,88,87,100,116,107,98,116,

29,136,203,190,197,203,204,206,203,199,207,207,205,201,204,204,204,201,201,202,203,203,203,205,204,202,201,195,196,197,197,196,192,194,193,191,188,190,182,154,142,141,135,134,130,128,126,124,122,126,123,123,121,118,113,115,113,112,112,111,104,102,132,140,136,101,113,164,150,79,80,104,111,112,119,134,147,156,160,165,164,165,164,163,162,162,163,167,165,159,163,169,170,169,169,168,165,161,155,153,151,148,144,134,127,115,113,117,113,82,81,83,82,85,88,88,87,89,90,91,91,90,91,91,89,90,88,91,93,94,94,91,93,93,92,90,89,89,84,86,86,85,87,84,83,85,85,84,84,85,81,75,73,86,95,95,91,96,96,92,87,90,96,95,94,91,90,91,86,87,86,84,93,107,113,110,

32,130,208,208,206,207,203,204,194,204,209,207,206,206,192,202,202,202,203,203,202,202,205,203,204,203,199,199,196,199,196,191,188,191,190,188,192,190,187,171,145,144,141,136,130,130,126,127,125,126,120,123,121,120,118,118,119,116,112,111,108,106,123,139,137,107,92,131,171,143,85,91,99,104,109,124,138,150,154,153,157,161,163,160,155,163,163,162,157,153,156,159,166,164,159,159,155,150,151,150,150,146,141,131,121,111,110,124,114,82,84,86,86,85,87,88,85,86,88,90,91,87,86,87,84,83,85,84,88,87,88,89,89,88,92,90,90,87,85,85,83,83,89,87,86,87,85,83,81,87,86,82,78,93,95,91,87,90,86,86,83,86,94,94,92,83,87,93,92,91,86,85,86,91,103,118,

30,125,200,208,209,207,203,202,206,204,209,205,203,206,193,203,201,204,206,205,202,202,203,203,202,203,203,199,197,197,198,191,188,187,185,192,194,193,190,190,166,145,144,140,139,136,129,131,130,132,129,126,124,120,122,123,123,119,112,101,106,108,110,133,136,110,94,92,130,152,147,138,127,96,101,111,121,136,147,149,149,157,163,159,157,158,161,159,152,149,146,152,153,156,154,153,148,146,144,149,146,139,132,123,111,107,109,131,113,84,86,84,85,85,86,86,85,85,84,86,89,88,87,86,85,82,81,83,84,83,79,81,81,87,88,87,84,84,84,80,81,83,90,88,85,86,84,83,84,85,79,79,86,95,93,91,93,85,75,83,91,91,87,92,90,90,91,93,93,94,89,89,90,89,84,94,

29,131,200,205,207,207,204,203,206,208,207,204,204,204,206,205,204,204,204,206,202,206,204,201,200,203,204,202,200,199,198,198,185,191,191,194,193,191,190,188,182,154,146,144,140,134,131,129,132,131,131,130,129,125,124,124,122,119,115,105,107,112,112,125,132,112,95,86,86,98,107,106,131,103,89,97,106,119,129,141,141,143,148,154,156,151,151,153,154,152,153,152,148,149,151,147,145,147,141,139,138,133,124,112,104,103,118,134,110,79,81,80,85,84,85,86,85,83,83,83,86,87,85,83,85,83,78,76,77,80,83,82,84,85,85,81,82,86,90,88,86,88,88,85,86,86,85,85,87,83,81,85,93,95,86,88,90,86,85,84,90,94,91,95,85,76,77,86,91,94,92,90,92,89,88,94,

30,134,205,204,204,205,206,210,209,209,206,204,205,204,202,203,203,203,204,204,207,206,203,203,201,204,205,201,201,200,198,195,186,192,195,196,189,188,191,185,186,175,147,145,142,137,134,135,135,132,131,132,131,129,127,126,124,121,120,115,109,112,114,121,134,115,96,90,84,82,95,97,98,123,88,83,93,102,117,128,136,140,141,149,148,143,143,149,151,154,156,149,146,145,145,142,143,140,135,134,129,122,113,105,100,107,125,135,106,73,76,79,80,83,84,84,84,85,85,85,84,81,77,76,76,75,75,75,76,82,86,87,87,86,87,85,86,89,90,91,90,89,89,90,89,88,87,82,86,85,83,94,97,92,82,87,91,89,85,87,88,87,87,86,80,75,78,89,93,90,92,94,95,92,89,91,

31,134,198,202,204,204,202,208,209,210,208,206,204,205,204,199,203,203,201,203,205,206,205,205,204,205,204,201,202,199,199,196,191,197,193,190,188,192,190,190,186,189,164,145,142,135,136,141,137,133,132,133,133,131,128,127,125,125,123,121,118,118,118,121,128,115,99,89,82,81,86,94,99,102,114,80,81,89,98,109,123,132,131,133,135,134,136,137,140,142,146,145,141,138,137,136,131,129,126,124,118,108,100,98,98,117,128,135,99,71,74,75,75,77,79,77,79,80,78,77,72,73,73,70,72,73,73,73,75,80,81,80,81,81,82,86,89,90,88,86,86,87,83,84,85,85,84,84,86,87,89,97,97,91,86,87,87,85,84,84,89,86,88,84,82,79,76,81,82,83,85,91,92,92,90,90,

30,135,207,207,208,208,207,209,209,207,200,204,203,203,200,202,206,202,203,203,204,202,204,203,202,205,201,197,199,202,201,198,198,197,197,193,187,194,190,189,191,188,185,152,142,141,139,137,138,129,132,135,134,132,130,129,127,126,123,123,122,121,119,123,126,118,103,92,82,79,85,89,89,96,103,117,81,77,83,91,105,117,123,123,121,126,122,122,127,129,132,134,130,129,128,126,119,120,120,112,104,98,94,93,106,123,129,135,95,67,66,66,69,73,73,75,77,74,70,68,68,70,72,74,74,75,76,76,77,77,80,81,78,80,80,82,86,86,85,82,82,87,88,87,88,89,87,87,85,90,93,99,101,98,96,97,88,86,84,86,88,84,84,85,92,85,79,84,87,87,90,92,93,92,90,93,

32,136,208,209,205,207,208,209,208,207,205,205,207,199,197,207,206,207,207,207,205,205,205,202,202,200,194,192,200,203,201,198,194,195,196,199,196,193,191,192,193,189,191,175,146,142,140,138,139,136,137,137,134,132,131,129,126,129,125,122,122,122,129,124,118,114,109,95,81,77,81,85,86,84,96,104,116,78,71,78,85,101,109,113,113,110,110,110,112,111,114,112,113,113,111,110,106,107,107,100,94,89,89,98,114,124,130,135,91,64,65,63,64,64,65,68,70,69,68,66,67,67,70,71,72,72,74,79,80,82,82,85,86,85,82,78,81,83,80,83,86,90,92,90,91,92,90,95,96,97,99,101,102,102,101,98,90,87,88,89,88,87,84,83,88,91,85,91,93,93,93,90,93,95,92,94,

31,135,205,205,203,206,205,206,204,201,205,205,206,205,201,200,207,206,205,202,205,203,203,203,206,205,201,200,196,199,200,196,196,197,194,197,195,192,190,192,193,193,190,189,167,145,143,140,140,137,137,138,134,133,132,129,124,130,129,127,122,125,155,158,142,124,108,93,84,78,81,83,84,81,81,92,104,117,76,62,69,79,92,99,103,105,101,99,99,100,98,100,98,98,96,98,96,96,94,89,88,87,91,109,119,126,130,135,81,51,57,58,61,62,63,67,69,68,69,73,75,76,72,71,73,72,76,76,80,79,79,80,81,75,73,73,77,83,84,85,84,87,85,87,86,85,87,96,97,97,102,102,103,99,101,97,90,87,84,86,88,84,83,84,83,88,86,90,92,93,92,90,92,93,92,95,

31,135,206,203,199,200,199,207,205,205,206,204,206,205,200,199,208,206,206,204,204,201,204,202,204,206,202,199,196,198,199,194,197,198,196,197,194,192,190,194,194,193,191,190,186,155,147,144,141,139,138,137,134,136,133,134,131,131,130,126,131,154,146,143,160,160,133,112,90,76,79,82,83,79,79,82,92,101,118,74,57,63,72,84,90,92,93,93,93,91,90,90,89,91,89,89,86,82,81,81,83,88,102,111,120,127,131,136,77,39,40,44,50,54,57,59,62,64,67,73,76,77,76,77,80,82,79,72,77,78,74,73,73,73,72,74,78,82,81,81,83,83,80,82,85,88,93,94,95,98,98,93,90,91,91,89,88,86,84,84,84,83,80,82,81,89,90,95,96,93,93,94,90,91,94,94,

30,136,203,201,204,204,201,196,202,206,205,205,203,205,204,197,203,204,206,206,207,204,204,204,205,203,202,200,203,202,198,199,197,195,200,198,197,191,191,195,194,196,192,189,185,172,153,147,142,140,139,136,135,135,136,135,134,131,132,124,140,164,160,143,138,146,141,128,117,97,82,76,79,79,79,79,80,87,98,110,72,54,58,64,73,80,82,84,84,84,84,84,85,84,81,77,75,74,76,78,85,101,106,114,122,126,132,134,104,84,70,51,39,42,47,54,56,59,62,62,65,67,71,72,75,78,80,79,79,74,73,72,74,77,80,77,76,79,85,85,82,82,83,82,82,80,82,82,81,87,95,87,84,86,91,91,92,87,86,84,82,82,78,79,89,94,96,99,99,96,94,92,90,87,86,99,

31,134,206,203,205,207,205,206,207,206,205,205,202,205,202,204,203,202,200,201,206,204,200,197,202,203,200,196,200,200,198,196,184,198,200,193,195,196,190,194,195,195,193,192,189,187,169,146,145,145,142,138,137,135,133,136,136,134,133,129,133,141,145,154,149,142,136,124,120,119,113,95,80,72,74,76,77,79,85,95,109,67,52,56,60,70,72,74,76,75,76,76,77,75,74,73,72,73,76,86,101,108,110,118,127,132,134,132,93,82,95,99,82,49,37,42,50,55,57,58,60,62,65,68,68,71,71,71,75,80,81,85,84,77,82,84,86,84,86,83,77,79,82,84,85,85,81,79,81,87,92,92,88,85,86,87,85,85,85,80,82,85,88,89,94,95,94,94,92,91,92,101,121,149,185,201,

31,134,205,207,206,208,205,209,209,208,207,206,206,205,204,199,202,204,203,201,201,202,202,198,199,203,200,197,201,201,192,199,192,197,192,190,188,197,197,196,196,195,193,192,191,187,184,156,145,145,141,140,139,137,133,136,137,136,133,132,131,127,116,130,144,152,144,127,113,116,114,111,109,101,81,73,72,73,77,82,94,110,61,55,55,59,65,70,72,71,71,71,70,73,71,72,72,74,87,102,108,110,116,122,129,134,133,130,81,73,79,86,101,108,74,41,38,44,48,54,56,58,61,65,66,66,68,71,75,76,79,80,88,91,86,90,90,87,88,84,81,80,81,82,82,82,80,83,84,84,92,87,84,83,82,86,80,80,85,92,95,96,96,93,90,86,88,91,88,94,116,169,219,220,221,220,

31,137,206,207,208,209,206,207,206,205,205,206,206,206,202,194,199,199,203,192,187,201,204,199,202,204,202,200,202,197,190,200,198,198,199,195,193,197,187,195,197,197,195,193,191,184,182,167,149,147,142,140,142,141,139,139,133,136,142,160,160,149,147,139,134,145,147,143,119,112,107,108,108,120,107,100,90,80,75,72,72,93,90,46,50,52,55,61,66,70,70,69,69,67,64,68,75,88,99,106,112,116,119,127,132,135,135,126,75,68,74,83,94,102,117,100,54,38,39,42,52,64,65,57,63,66,67,69,74,77,76,75,75,80,83,87,90,91,89,80,71,75,74,76,74,77,78,83,81,78,83,84,83,78,86,89,84,87,92,94,92,88,87,96,102,122,139,105,104,124,134,170,218,215,217,218,

30,137,204,206,208,209,206,205,205,202,204,205,204,203,203,198,200,200,205,202,200,199,196,202,203,196,198,196,203,198,198,196,197,198,199,196,194,195,194,200,198,197,196,194,190,186,178,178,163,149,145,140,140,140,138,140,137,144,162,164,169,164,170,162,148,148,140,147,136,120,114,109,105,105,106,110,106,108,106,107,114,120,133,91,74,62,59,55,56,54,53,58,60,63,69,78,90,100,107,110,114,120,125,131,133,135,133,121,71,66,71,81,92,99,106,119,115,69,47,84,100,123,107,98,75,64,63,66,70,74,73,73,74,76,79,80,84,85,85,84,73,74,77,79,80,78,76,78,77,80,78,77,89,91,93,92,90,88,83,91,113,137,177,175,165,161,110,116,191,135,135,156,215,217,219,221,

29,135,198,200,206,207,207,201,203,206,207,206,206,206,204,206,202,199,203,199,195,196,197,203,204,202,202,199,200,197,198,199,203,199,197,196,192,197,199,198,196,197,197,192,192,189,176,182,178,157,147,145,142,136,137,142,144,164,159,148,156,169,168,173,170,150,139,144,147,120,125,115,118,108,101,103,103,108,110,127,140,153,155,158,160,151,152,147,139,141,104,66,73,80,89,96,100,107,110,113,117,123,130,132,133,135,133,116,68,65,69,81,90,99,108,117,126,126,79,57,71,123,109,128,158,172,85,64,64,69,72,71,75,77,78,80,82,84,84,87,84,77,81,88,81,85,88,86,86,87,87,85,87,83,79,86,91,116,169,196,218,223,197,169,146,106,91,105,166,137,133,146,212,220,222,204,

29,134,202,205,208,206,205,206,207,208,206,205,205,203,203,206,194,200,195,196,197,197,198,202,202,200,198,198,201,201,197,200,203,198,197,190,191,199,200,198,197,198,197,195,193,190,191,186,187,177,153,148,146,143,144,144,161,178,165,154,148,165,165,163,168,147,141,142,150,131,116,119,125,116,116,120,105,103,107,126,126,127,132,125,121,128,126,130,140,147,173,116,79,87,95,103,107,110,111,114,122,127,130,133,134,134,130,110,62,63,69,82,91,100,123,141,143,138,121,72,55,52,68,139,173,177,119,117,89,65,66,70,71,70,73,77,78,77,82,83,82,84,87,91,89,89,93,89,79,83,80,82,94,121,156,135,170,193,224,222,218,182,167,136,104,182,185,87,116,134,133,141,208,221,171,134,

31,134,200,206,208,206,204,205,205,205,207,206,205,206,199,205,203,206,194,197,197,197,200,201,201,199,199,200,200,201,201,199,198,196,195,188,189,197,198,200,198,197,195,194,191,188,192,188,189,187,168,150,148,145,143,158,178,172,169,163,143,150,148,137,129,132,142,143,146,133,114,127,124,121,125,135,121,127,133,143,143,144,155,150,144,144,129,131,155,132,150,180,125,91,99,104,109,112,115,120,124,127,130,134,133,134,126,102,58,61,68,81,93,122,144,146,143,138,126,79,67,63,57,58,86,126,128,131,120,114,93,66,60,67,70,71,72,74,77,80,78,80,84,85,80,81,81,79,86,95,124,113,171,224,223,158,175,194,223,210,173,165,124,109,184,225,228,159,84,122,126,136,193,168,142,153,

31,135,202,204,205,202,207,207,203,202,203,210,207,205,205,203,203,196,202,202,199,199,201,200,201,200,203,199,188,200,201,199,198,198,197,191,191,195,197,197,197,196,199,169,168,191,189,188,185,180,168,152,151,154,152,169,175,171,170,165,148,141,159,151,142,153,157,132,132,132,127,133,126,128,143,160,140,142,133,132,135,146,152,145,133,132,150,157,153,147,131,171,164,108,105,109,111,115,117,119,122,127,131,133,132,128,123,98,55,57,67,83,116,143,146,144,137,127,107,81,69,66,69,65,59,54,72,106,123,131,168,140,92,72,62,64,68,70,72,75,75,76,76,74,78,90,112,138,168,152,172,133,171,220,218,170,141,184,210,172,150,113,129,200,201,222,220,226,133,116,150,163,170,166,168,171,

31,133,201,204,202,200,203,204,204,203,202,204,202,205,206,204,207,204,204,196,201,201,203,199,200,200,198,194,182,200,196,200,199,196,195,195,195,198,200,195,195,195,195,190,184,194,183,183,170,154,143,138,143,155,161,159,168,166,167,165,159,143,160,157,166,170,158,168,127,132,149,147,136,138,140,151,159,145,141,139,150,154,144,141,130,140,152,145,142,140,126,147,160,124,108,111,111,114,117,121,126,128,131,133,132,127,119,98,55,55,68,111,142,148,146,141,130,106,85,80,70,66,66,67,70,75,65,55,65,92,141,142,134,137,121,93,64,67,73,68,75,84,100,168,194,148,162,180,183,151,128,135,163,216,221,171,133,167,173,154,106,148,219,217,197,214,202,191,176,167,171,168,166,165,165,171,

31,135,205,205,205,204,204,198,200,204,205,202,199,204,203,201,206,206,205,202,202,201,202,201,200,200,198,204,202,197,197,199,200,197,195,196,196,201,198,192,190,186,181,177,172,172,179,170,152,137,131,133,145,160,169,157,151,155,160,169,165,150,149,149,160,162,161,160,140,150,155,144,131,121,124,145,148,147,156,165,161,148,134,133,145,161,153,142,139,134,121,132,153,134,107,111,113,117,121,123,126,128,130,131,129,124,117,95,50,60,110,138,126,129,138,138,125,133,102,85,77,69,67,68,72,74,74,74,67,58,68,99,110,154,149,137,138,123,84,122,194,174,151,220,226,153,150,179,181,146,106,123,140,206,223,179,157,169,143,107,160,214,200,188,176,171,167,166,165,165,168,167,169,168,168,169,

30,135,205,203,201,202,206,201,199,203,201,201,204,206,202,203,201,204,202,203,202,200,200,197,191,189,188,196,189,184,184,182,180,182,181,177,177,175,173,176,173,166,169,167,169,175,169,157,144,130,126,136,155,171,169,159,146,147,141,153,160,153,146,144,150,157,157,153,160,161,149,144,131,120,122,132,142,152,159,157,138,121,119,134,156,153,141,133,131,136,128,116,144,139,108,113,115,119,122,123,126,128,131,131,127,120,114,91,61,112,99,66,53,79,150,155,141,151,128,87,82,75,73,72,75,76,78,77,78,76,65,57,70,103,127,184,214,193,131,186,198,124,138,213,215,171,161,179,181,148,83,105,119,197,220,182,174,174,159,170,179,172,169,168,167,168,170,169,168,168,170,169,168,168,169,170,

30,134,199,194,200,201,201,200,201,203,202,202,200,202,201,204,201,199,201,202,195,192,190,187,183,178,176,174,170,170,171,171,169,176,175,169,172,175,174,171,169,169,171,174,184,176,157,148,137,125,126,143,160,170,171,166,143,138,147,135,143,154,146,145,146,148,147,164,158,151,147,144,140,133,141,150,159,162,159,144,115,107,126,152,153,142,130,122,122,132,138,116,138,141,109,107,113,115,121,124,127,131,131,130,123,118,112,96,105,74,43,34,59,121,159,131,117,115,106,86,82,76,71,78,77,77,81,81,81,79,73,71,72,65,68,125,184,158,129,162,163,123,138,207,189,183,164,178,182,155,155,124,139,189,184,172,171,170,172,170,169,170,170,170,169,170,168,168,168,168,171,169,168,167,168,170,

30,134,197,197,203,203,202,199,196,198,193,197,202,203,196,201,200,199,198,198,194,194,190,181,173,169,172,172,168,164,165,167,168,171,169,178,169,176,170,171,172,175,183,191,180,166,152,138,129,124,129,148,166,167,169,169,145,114,125,148,147,142,140,143,144,145,149,162,143,133,137,142,139,135,145,151,155,154,151,137,121,135,152,155,143,133,124,122,126,135,144,121,123,140,114,107,115,118,121,125,130,134,133,128,121,118,109,104,93,49,40,31,37,115,159,148,130,121,110,88,81,78,70,74,80,84,87,83,83,80,75,77,81,79,79,76,83,115,141,139,141,186,161,169,140,139,166,180,178,161,171,148,149,161,166,167,168,168,168,170,169,170,170,170,168,169,167,169,168,168,167,167,167,166,168,169,

31,134,194,202,201,201,201,199,200,197,197,200,202,203,196,194,197,199,196,195,196,193,182,168,156,156,159,162,168,169,160,160,161,165,165,168,166,166,166,172,181,184,190,188,173,159,144,128,118,119,137,153,162,168,168,163,149,139,123,118,148,133,128,137,144,146,149,146,135,119,128,138,132,133,137,123,124,139,141,126,134,157,160,148,139,130,126,130,141,147,143,126,112,130,122,111,118,122,124,127,131,133,130,124,120,117,118,126,118,53,38,32,39,111,149,149,129,110,100,93,83,79,70,75,81,84,87,85,88,85,82,80,82,83,87,91,90,95,122,109,145,210,151,137,133,145,177,172,167,141,155,142,150,164,169,168,167,167,167,169,168,168,168,168,168,168,171,166,168,166,167,168,168,167,168,171,

32,134,194,203,200,196,192,200,198,199,200,200,195,190,191,200,199,197,193,197,206,187,177,155,149,154,155,157,161,168,164,156,160,162,164,170,172,187,178,182,185,188,185,172,162,149,128,114,109,120,144,158,163,168,168,167,152,134,147,126,110,136,130,127,138,140,142,143,130,133,133,130,128,136,134,123,117,147,128,120,136,147,163,137,132,129,135,140,150,150,145,134,122,136,126,114,118,122,125,127,129,131,128,123,123,129,131,133,134,68,36,33,42,109,134,140,119,106,102,91,86,85,78,70,80,89,88,90,92,90,84,81,87,89,88,92,93,94,96,107,160,175,148,148,145,167,172,172,171,159,164,146,150,164,167,166,167,166,164,166,166,167,166,167,167,174,186,170,167,169,169,169,166,160,154,150,

30,133,201,200,199,195,193,202,201,199,198,194,189,186,195,199,196,195,191,197,196,182,171,150,143,154,157,155,152,158,166,161,166,160,165,168,174,175,183,187,189,185,180,168,166,138,117,106,111,127,150,159,163,168,168,167,156,135,144,150,136,101,110,123,130,130,127,131,156,135,130,121,128,133,128,131,119,126,116,119,136,131,133,131,115,119,135,137,137,136,140,135,126,141,134,120,122,126,127,130,132,131,127,127,133,112,79,67,78,54,36,34,39,79,138,142,119,109,106,94,87,91,83,68,77,93,93,97,96,91,86,82,92,97,95,95,95,99,91,123,182,142,137,127,123,151,175,172,172,162,164,148,148,165,164,165,165,163,164,164,165,166,167,167,165,173,182,171,158,149,136,123,112,101,88,84,

32,135,197,199,201,202,200,197,197,187,183,185,185,191,198,196,197,194,193,194,186,179,169,153,145,156,159,157,160,162,170,164,163,166,161,171,178,178,186,188,187,181,177,163,149,123,108,104,120,139,154,160,162,168,171,171,160,133,141,158,156,148,114,98,113,128,140,137,148,133,119,111,120,121,117,128,125,125,112,130,137,122,129,123,115,141,138,135,133,131,133,128,123,146,139,125,124,126,129,132,134,131,129,131,100,68,63,56,71,62,42,35,31,62,123,145,130,114,107,97,87,85,83,71,73,94,96,89,95,93,94,90,94,99,99,99,97,98,97,130,190,168,123,126,180,203,173,172,173,159,160,149,145,162,164,164,164,164,164,166,167,166,163,156,142,166,163,124,94,87,89,95,99,103,114,125,

30,134,196,196,197,200,194,189,185,184,180,182,185,189,192,196,195,196,194,191,183,188,182,156,144,152,157,162,164,161,170,170,156,156,161,168,174,181,185,187,184,178,171,157,135,114,105,112,134,145,155,163,164,167,171,169,159,134,139,160,147,158,157,147,101,99,117,118,119,121,124,130,125,111,102,111,115,109,116,129,122,117,120,112,126,122,123,127,128,125,123,118,106,133,139,126,124,125,130,132,131,128,138,111,67,65,63,57,63,57,40,31,30,50,94,141,139,121,112,100,92,89,84,72,82,95,93,84,93,100,93,92,97,102,100,102,99,101,99,120,164,141,125,153,224,205,169,173,171,165,164,150,145,160,165,166,165,160,153,143,130,115,101,88,88,158,153,113,77,116,128,111,124,146,202,207,

30,132,192,192,193,191,186,183,181,181,178,182,182,191,194,191,193,194,192,189,185,186,197,172,140,148,158,161,157,155,164,170,162,152,162,169,177,180,186,185,182,176,164,156,126,106,105,124,144,148,157,163,166,166,165,169,161,135,137,165,151,152,164,160,129,111,141,156,152,145,126,103,100,111,122,114,114,110,122,120,112,113,104,105,109,101,94,99,100,92,89,107,128,131,125,126,123,127,130,131,131,132,126,93,70,60,54,52,47,45,35,30,29,55,91,146,145,135,119,110,104,106,101,92,88,92,93,84,97,102,95,100,101,106,101,101,102,103,101,99,113,120,125,155,209,192,171,173,172,161,160,153,140,148,142,125,110,97,86,79,73,77,98,114,130,161,153,146,105,210,202,123,136,150,148,138,

29,132,195,193,192,193,188,188,184,182,183,179,180,188,189,192,194,196,196,191,184,177,179,160,139,147,158,164,155,147,160,171,166,154,158,166,174,181,184,182,179,170,157,146,113,102,113,137,144,147,154,157,163,165,165,167,162,142,135,161,156,148,161,165,160,138,119,148,164,175,173,159,139,112,94,94,105,123,129,135,136,132,126,123,126,122,109,116,115,110,102,122,135,115,106,123,124,128,130,129,134,135,96,85,64,54,50,52,56,49,38,32,31,58,105,147,153,125,107,114,113,110,113,134,138,135,128,108,103,96,93,102,103,106,105,104,101,105,101,93,120,128,122,135,172,191,172,176,172,135,104,112,111,83,81,77,78,86,95,106,74,75,165,216,211,158,132,141,151,220,205,128,133,147,114,96,

30,132,194,193,193,193,192,191,191,186,181,180,187,187,191,193,192,193,192,183,195,205,172,157,139,144,154,159,150,140,145,163,177,158,153,166,172,182,183,181,173,163,151,125,103,104,126,146,147,150,154,158,160,163,165,163,162,148,135,165,161,147,161,168,164,164,129,119,151,168,173,168,165,154,132,120,99,91,87,88,83,85,89,93,91,94,98,83,81,79,77,81,81,86,113,126,124,127,131,134,138,116,88,76,64,59,56,59,59,52,43,33,31,57,116,156,171,107,89,101,111,132,137,133,126,128,140,146,146,127,103,99,103,108,109,109,106,108,101,108,145,110,120,150,198,182,158,170,156,120,71,73,104,76,88,106,117,129,144,156,92,72,144,160,167,145,147,112,174,211,207,133,127,142,157,209,

29,131,193,200,189,198,203,189,185,185,183,182,189,188,188,188,191,194,190,189,185,187,170,156,140,140,154,158,151,136,123,147,186,159,151,161,170,178,181,176,166,157,140,112,102,113,141,148,150,147,152,160,163,163,167,168,164,152,157,164,165,148,156,167,166,167,154,115,129,161,166,168,170,166,154,149,129,112,107,109,109,103,95,98,98,103,117,108,101,93,88,83,82,66,117,133,128,126,135,143,124,97,84,73,74,70,64,63,62,57,50,40,35,58,108,144,165,103,79,90,111,136,140,148,147,129,105,101,121,146,153,137,115,113,111,109,110,110,102,144,174,112,128,157,176,127,137,173,166,157,110,74,101,62,88,111,127,132,140,149,112,91,147,157,137,118,152,121,182,213,220,139,125,139,169,226,

28,131,196,190,187,190,188,190,184,181,183,187,187,184,185,185,188,190,191,191,178,172,173,158,144,137,149,155,150,134,117,124,157,164,151,152,166,175,173,168,159,151,129,104,104,126,147,145,148,148,149,156,163,168,170,168,164,170,165,160,169,153,156,167,167,167,166,143,110,143,161,166,172,172,164,160,150,131,119,116,122,121,108,95,89,87,90,93,99,98,92,79,81,77,75,132,136,131,154,144,118,100,81,83,97,88,76,71,76,86,65,45,39,64,108,144,168,133,91,95,122,135,136,137,143,152,151,125,84,84,120,150,156,139,122,117,111,114,106,130,156,115,124,134,141,109,182,167,166,170,158,100,103,61,63,84,116,130,136,143,123,113,143,157,153,104,127,143,168,209,226,152,122,138,162,212,

31,133,193,190,192,191,191,187,186,183,181,181,184,194,189,186,189,191,192,184,179,175,173,159,145,134,146,155,152,139,123,131,157,163,158,154,159,166,166,161,154,147,114,104,110,135,149,146,145,146,147,155,161,166,166,165,163,174,155,151,172,156,154,163,169,168,165,162,127,115,152,160,168,170,167,171,159,146,143,127,118,124,130,123,108,96,88,84,82,80,78,79,75,79,81,100,148,152,170,142,118,111,110,116,123,117,97,77,87,115,93,52,48,80,101,120,121,140,133,124,135,133,137,138,141,143,145,161,159,111,66,92,139,159,161,156,146,132,116,119,137,112,115,167,174,107,156,170,167,172,168,140,113,67,64,60,76,111,130,136,139,147,151,155,158,132,99,141,139,150,190,157,117,134,155,196,

29,131,188,188,191,193,190,185,185,184,186,184,185,195,184,185,193,192,193,192,178,176,176,161,141,134,147,153,152,146,138,137,159,164,160,155,154,157,157,154,161,127,104,104,118,146,152,149,148,148,149,159,161,165,172,171,166,178,151,150,176,159,150,166,171,169,168,166,153,112,133,156,165,171,168,166,167,157,150,144,131,121,126,133,134,125,107,95,94,88,90,91,89,86,100,105,145,159,169,136,124,123,132,134,128,119,116,97,94,119,100,56,87,123,113,93,85,119,143,146,141,143,141,143,142,145,142,152,166,163,147,79,75,129,159,167,165,163,160,152,141,127,130,152,132,138,140,171,167,173,166,163,134,112,119,85,62,66,84,111,139,153,149,150,154,150,133,149,148,149,139,133,118,127,149,181,

30,131,188,191,192,191,186,186,187,180,182,182,182,178,177,182,188,189,197,199,181,185,177,162,143,130,141,157,159,160,145,138,159,167,161,155,156,151,148,144,141,115,102,104,126,150,148,145,145,145,150,155,160,167,168,165,173,176,145,147,175,162,152,166,169,168,169,169,166,136,112,144,156,169,172,170,171,165,160,157,147,134,127,131,137,138,136,126,114,105,105,105,101,98,114,136,166,177,164,138,130,127,134,132,128,124,123,115,104,122,102,70,138,154,156,126,96,101,128,150,170,151,151,150,150,150,151,143,139,145,160,166,104,72,126,158,168,166,166,167,170,166,157,140,123,156,141,171,168,171,167,166,151,156,136,134,100,77,63,63,113,157,146,146,149,146,132,142,148,150,147,140,119,109,134,149,

31,132,194,193,188,184,186,189,184,184,182,192,183,190,187,183,185,189,192,184,183,182,176,165,147,132,139,147,151,149,148,145,162,165,160,156,159,154,146,137,125,110,101,108,135,151,150,146,142,142,146,151,158,165,169,164,177,176,135,143,179,163,157,167,171,171,170,167,166,157,121,123,149,162,171,172,170,169,164,163,158,153,142,135,136,139,142,143,140,138,140,131,123,119,133,154,173,196,155,138,131,128,131,144,166,156,153,141,127,130,113,103,141,164,162,121,106,104,122,138,162,139,135,147,157,158,158,158,152,144,142,154,167,124,80,128,161,171,165,166,169,170,170,171,173,167,164,169,166,170,171,164,146,140,141,204,215,131,132,97,105,164,130,112,141,140,135,128,143,148,149,145,102,91,117,132,

30,132,192,184,183,188,190,186,185,180,180,190,186,188,191,181,184,184,181,183,181,178,169,167,150,129,136,148,147,144,161,160,160,160,164,156,149,150,145,138,119,102,105,114,143,152,151,148,143,143,147,155,158,164,165,170,177,177,126,141,178,167,155,163,169,172,171,169,168,166,148,113,135,154,166,171,171,170,169,170,167,161,156,150,145,143,141,144,145,145,147,150,154,147,139,154,156,164,150,134,130,125,149,185,166,169,190,219,197,137,113,134,174,161,128,125,111,115,125,130,145,157,147,139,134,152,161,160,161,158,147,147,155,166,139,95,131,159,166,163,167,172,171,173,175,177,173,170,166,168,169,163,138,155,162,231,218,130,183,214,149,161,135,74,87,108,132,122,134,141,143,147,111,91,116,136,

31,135,187,174,173,195,195,181,186,182,182,180,186,182,181,184,182,180,179,174,174,176,169,168,150,127,131,143,145,145,144,148,160,160,159,148,144,144,135,128,112,101,104,119,147,152,151,148,141,142,143,170,166,162,159,173,175,171,118,140,179,170,154,162,169,174,173,181,168,166,160,124,119,148,158,169,169,170,171,173,172,163,158,156,152,147,143,145,145,150,150,153,155,148,137,150,148,164,182,129,121,124,136,171,209,225,236,238,229,147,116,169,173,104,123,121,111,120,134,125,139,155,156,153,154,139,146,166,163,161,157,145,150,154,168,131,98,144,163,169,168,171,171,172,172,175,172,175,174,167,158,164,138,157,161,228,204,130,143,132,110,162,141,76,71,65,89,107,124,139,138,146,118,89,105,74,

