Current block= 0,0 -->Match Position= 0,0

Minimal Error=4329
1	-1	1	-1	18	-1	-2	8	-18	10	3	-1	1	-11	-2	-3	
1	-4	-3	0	11	-5	10	2	-15	10	-1	-3	-2	-11	1	-2	
0	-2	1	-1	-4	2	2	1	1	5	3	2	-11	-2	0	0	
4	-1	-2	0	0	5	-3	0	7	-6	1	2	-7	2	0	-3	
0	-2	1	0	2	0	-4	0	9	-4	3	-9	-2	2	0	-3	
-3	-4	-1	-4	2	-3	3	6	1	-5	0	-4	0	-1	3	0	
0	-1	0	5	3	-8	2	9	-4	1	-2	-1	-1	-1	-1	-1	
-2	1	-2	7	3	-7	4	3	0	1	-5	0	0	3	-3	-1	
0	-3	-1	6	0	2	4	2	0	-3	-3	4	1	1	1	5	
0	-1	2	0	-1	0	1	5	6	1	1	-2	-3	-1	3	-2	
0	-1	1	-3	3	3	5	-4	-4	-2	4	-2	2	-3	-1	2	
0	1	0	-2	3	2	6	4	-4	-4	6	7	6	-5	6	-15	
1	1	-4	-1	1	-3	-4	-4	1	1	-7	6	3	3	11	-1	
-1	2	3	-4	-3	5	-4	-1	0	0	-4	-5	0	0	-3	-1	
-1	-1	0	-1	-7	1	2	-1	0	-2	0	0	1	0	0	0	
1	-2	-4	3	-2	-3	-1	6	-3	0	-2	3	1	2	0	3	
Number of Zeroes=43
-------------------------------------------

Current block= 16,0 -->Match Position= 16,0

Minimal Error=2692
-2	0	1	1	5	6	-3	7	-5	-5	-1	1	-2	0	-3	5	
1	-1	4	-3	1	2	-2	5	2	-1	-2	-4	-1	1	-3	-3	
0	3	2	-2	1	3	-1	-3	-1	1	-1	-4	3	4	-3	-1	
-2	3	0	-1	0	2	2	0	-3	-2	-4	-3	-2	2	-9	-1	
1	-2	0	2	2	-2	1	2	3	1	-8	-5	16	2	-1	-1	
5	0	-1	-2	-1	-4	-1	-4	-4	2	-1	0	-4	-3	-2	0	
0	1	0	-3	-3	5	-2	-2	-3	-3	-1	3	7	-6	-5	-1	
0	0	-2	2	0	7	-6	-7	2	3	-1	0	3	2	-2	20	
1	3	-1	-1	-4	-2	-1	-1	-1	1	0	0	0	1	0	5	
-1	-1	-3	-1	1	1	-1	-1	4	-4	-2	0	-1	-1	0	-1	
6	-6	-8	2	0	-1	-1	-1	6	1	-2	-1	0	1	-1	-1	
4	13	-12	3	4	-2	2	0	-1	1	0	-1	1	1	0	-1	
0	3	0	0	0	0	1	0	-1	1	1	0	1	0	2	0	
2	-1	3	-2	0	0	0	3	-6	2	0	0	1	-2	-1	-1	
0	0	2	0	1	0	3	8	-1	1	1	2	1	-1	1	0	
-3	2	0	-1	1	0	0	1	2	1	0	-1	0	1	2	1	
Number of Zeroes=51
-------------------------------------------

Current block= 32,0 -->Match Position= 32,0

Minimal Error=5168
1	0	5	1	4	0	-1	0	-6	2	0	-3	-1	0	3	4	
-2	-2	-12	0	0	-1	-2	4	-1	0	1	5	1	-19	4	3	
11	15	-11	0	-1	1	6	-28	4	0	-6	7	8	-3	-1	0	
-1	-1	-1	0	-1	2	29	-11	1	6	1	-1	-2	0	-2	1	
-3	1	-1	0	-2	2	-1	2	0	-2	-2	0	0	0	1	-8	
0	3	2	0	-4	0	-1	-2	0	1	-3	-2	-1	0	19	-16	
-7	-2	4	0	1	3	-1	2	-1	0	-1	2	-2	0	3	0	
-14	-2	1	0	-2	0	0	1	-1	-1	-2	1	-1	1	1	1	
1	-1	-7	4	1	-2	2	0	-1	1	-2	2	1	-1	1	2	
1	11	-4	-1	-4	1	-2	0	0	-3	-1	2	1	-2	0	1	
-1	0	0	7	-3	0	0	-1	6	-6	-2	1	1	0	1	1	
0	0	0	0	2	-1	1	1	5	2	-1	0	-3	-2	0	0	
1	-1	0	-1	-1	0	0	-3	-2	1	2	-3	-1	-1	-1	-1	
-1	1	-2	0	1	0	2	2	2	1	1	-1	0	-1	-6	-1	
-2	0	1	-1	0	-1	-1	-1	2	4	1	2	-2	-3	0	1	
-2	1	1	1	1	4	0	-3	-1	-3	-12	-10	3	1	1	2	
Number of Zeroes=56
-------------------------------------------

Current block= 48,0 -->Match Position= 48,0

Minimal Error=5648
-5	-1	-1	-6	-18	0	-2	0	0	0	2	2	0	0	1	-2	
1	0	4	10	-12	0	-3	-1	1	0	-3	1	0	0	3	-2	
1	1	0	3	1	0	-2	0	1	4	-2	0	-1	-2	4	0	
0	0	-1	0	1	0	-1	0	-1	-1	0	0	4	-4	-1	-2	
-1	1	-1	-1	0	0	-1	-1	0	0	-2	1	0	1	1	3	
-1	0	0	1	2	-3	-2	0	0	-1	-2	1	-3	6	-30	-4	
-1	-1	-1	1	3	-1	-2	1	-3	-3	1	0	-2	20	4	-6	
0	2	2	1	3	1	0	1	3	-2	0	10	-4	-3	7	1	
-1	-4	-3	-1	0	3	2	-3	-6	1	-5	-14	0	-5	-2	-1	
2	2	-2	3	-1	-5	-3	-6	-3	2	5	3	-3	-4	5	-5	
0	0	-7	-1	-1	-1	-5	-4	4	1	2	-2	-1	-5	3	-3	
-2	8	-1	0	4	0	0	1	2	2	-5	-5	-5	-12	-2	-3	
-11	-18	3	4	5	3	-1	1	-2	-3	-5	-2	0	0	-2	5	
8	-3	-4	1	1	1	-2	-5	1	-2	0	1	4	7	4	-1	
3	1	1	-4	-12	2	4	1	-5	1	3	11	7	-1	4	4	
1	-4	3	2	-3	-2	-1	5	19	-21	-3	-3	-1	-3	-1	3	
Number of Zeroes=46
-------------------------------------------

Current block= 64,0 -->Match Position= 64,0

Minimal Error=47132
13	-1	-6	6	-2	-5	-1	0	-10	-3	-10	-28	-20	8	5	17	
2	5	0	0	2	-7	-3	0	4	3	4	2	-1	3	-4	7	
-3	2	0	5	-5	-5	-8	-9	1	3	0	1	13	12	-2	3	
0	-1	2	3	-13	-2	4	-1	2	5	-17	-18	0	-5	-8	6	
-5	-22	-8	2	1	0	-1	-4	1	22	-1	-11	2	-8	-6	-6	
9	13	-3	-4	-1	7	-7	0	1	-5	4	0	-6	-12	5	9	
-7	7	3	-6	-8	-2	-1	-7	1	-6	-2	-3	-6	7	17	-18	
8	-7	-4	10	-8	-8	2	-2	-3	4	13	10	-4	-2	-39	-50	
0	4	-2	0	3	-4	-2	-1	-2	2	-4	-8	-16	-17	-44	-55	
1	2	-15	0	-2	9	-6	3	1	-4	-14	-17	-19	-26	-53	-52	
1	6	0	5	0	12	-1	-7	-10	-12	-17	-30	-22	-26	-57	-43	
-3	5	9	7	1	-7	-9	-15	-15	-13	-26	-37	-21	-24	-36	-15	
10	2	-1	-3	-3	-14	-16	-16	-13	-16	-16	-17	-20	-12	-1	0	
-3	2	1	-7	-12	-17	-16	-15	-20	-26	-14	-11	-3	-1	0	0	
-4	-1	-7	-15	-14	-14	-15	-12	-33	-19	-7	0	0	0	1	0	
-1	-8	-13	-16	-14	-14	-14	-15	-23	-5	1	0	-2	0	-1	0	
Number of Zeroes=26
-------------------------------------------

Current block= 80,0 -->Match Position= 79,0

Minimal Error=264475
8	-5	-36	-8	-4	-4	1	12	-7	-7	-3	0	6	4	1	2	
1	3	-5	-25	-14	-2	-2	-13	-13	4	-2	-2	-6	-2	-1	-1	
-2	-4	-3	-2	-22	-18	-6	-8	0	-5	-2	-2	6	0	-2	-1	
0	0	-3	-2	3	-19	-18	1	17	8	3	3	-1	-2	2	2	
-8	-3	0	-6	-17	-29	-51	-63	-32	-13	-13	-8	-5	-2	0	0	
7	-11	-21	-50	-91	-117	-105	-118	-107	-58	-35	-32	-30	-26	-22	-8	
-4	-64	-105	-98	-101	-104	-103	-116	-123	-103	-57	-31	-27	-32	-47	-30	
-31	-37	-73	-106	-103	-93	-93	-81	-47	-30	-19	-6	-4	-5	-8	-8	
-31	-26	-24	-56	-86	-58	-22	-1	3	2	1	0	-1	0	1	1	
-29	-24	-20	-9	-5	2	2	0	-1	-1	-2	-1	-1	-1	-1	0	
-21	-11	-2	1	1	0	0	-1	-1	-1	-2	-2	-1	-1	0	-1	
-2	-1	0	0	-1	-2	-1	-1	0	1	0	-2	-1	0	0	0	
-1	-1	0	0	-2	0	-1	0	-1	0	2	0	-1	0	0	0	
0	-1	0	-2	-1	-1	-2	1	-1	-1	0	-1	-2	-1	0	1	
0	0	0	1	0	-1	-1	0	0	0	-1	0	0	-1	0	0	
0	1	-2	0	-1	0	0	0	0	0	-1	-1	0	0	1	0	
Number of Zeroes=56
-------------------------------------------

Current block= 96,0 -->Match Position= 95,0

Minimal Error=10179
-7	-30	-5	-1	0	3	1	-2	0	0	0	-1	1	20	-10	-10	
2	18	1	-2	0	0	2	0	-1	0	0	3	0	20	27	-4	
0	2	4	-1	-1	-1	-1	1	0	1	1	1	1	-3	12	28	
-1	-1	1	1	0	-1	0	1	0	-1	0	0	1	1	-3	6	
-2	-1	-2	-3	-1	1	3	0	-3	-2	0	1	-1	1	1	-2	
-3	0	0	1	1	0	0	0	-2	0	1	0	1	2	1	1	
-26	-19	-6	-2	-2	-2	0	1	-1	4	0	2	0	-1	0	1	
-8	-16	-18	-14	-3	-1	1	1	1	-2	-1	0	0	-1	0	1	
2	1	-1	-6	-6	1	0	1	1	2	-1	-2	-1	0	1	2	
2	2	0	0	0	1	9	3	-1	2	0	2	2	1	2	1	
1	0	0	0	1	0	5	18	9	-1	3	5	1	1	0	2	
1	0	1	1	0	1	0	7	23	11	0	-3	1	1	-1	0	
-1	-1	0	-1	0	0	1	1	9	24	10	-1	1	0	2	-1	
-1	-1	0	-1	0	1	1	1	2	11	23	6	0	0	1	0	
0	0	2	1	0	1	2	2	3	3	13	21	3	2	-1	0	
-1	-1	1	2	1	-1	1	0	2	3	2	12	18	5	2	2	
Number of Zeroes=63
-------------------------------------------

Current block= 112,0 -->Match Position= 112,1

Minimal Error=13857
2	11	-13	-29	-10	1	-3	2	-1	8	-6	4	4	-1	-6	3	
-6	3	1	0	-19	-2	-4	0	2	2	1	5	3	2	0	6	
0	-2	-1	5	-2	-19	-5	-3	0	3	0	3	4	5	-4	2	
22	-3	-2	0	4	3	-13	-2	0	0	0	1	-1	3	1	1	
1	11	10	-8	-1	2	1	-18	-7	2	2	3	3	0	-1	-4	
0	2	26	18	-5	-5	4	6	-12	-8	5	2	-2	2	-2	3	
-2	4	4	41	-10	-6	3	7	10	-13	-5	5	3	-2	-2	3	
-1	3	1	-8	-5	15	-3	1	0	-1	-11	-9	2	-11	1	6	
1	3	-2	1	-1	15	0	-11	-3	0	6	-11	-18	1	0	4	
-1	1	-4	2	1	-4	1	17	6	3	-1	5	-9	-7	-4	-1	
2	1	-1	1	2	-2	-1	14	27	-7	2	-1	-4	-11	-13	1	
2	0	1	-1	4	-3	0	-4	5	15	-2	-6	-5	3	-8	-16	
1	-2	-2	1	0	-1	-1	-2	0	6	16	3	-7	-1	0	-1	
3	4	-1	-2	3	-4	4	1	0	4	7	21	6	-2	9	2	
2	8	-11	-1	3	-1	4	0	-4	1	-2	1	27	3	-5	-9	
1	2	-3	-1	3	1	1	-3	-4	1	-1	-2	-5	8	2	-1	
Number of Zeroes=23
-------------------------------------------

Current block= 128,0 -->Match Position= 127,0

Minimal Error=9635
1	-2	-1	-2	-9	12	14	-8	-20	3	2	-2	-1	0	-1	1	
-4	1	0	-7	-4	5	13	14	-12	-16	2	1	1	0	-1	0	
0	-3	-1	2	0	8	-1	12	8	-15	-13	-2	0	-1	1	-1	
2	-2	-3	2	1	6	4	0	9	7	-14	-12	1	0	0	0	
2	-2	1	-2	3	10	3	-2	-4	17	9	-13	-12	1	-2	2	
-1	-1	4	0	0	3	0	0	4	-10	14	5	-18	-14	-1	-2	
0	2	0	-5	-7	6	1	-1	2	-2	1	5	6	-16	-13	0	
1	1	3	1	-2	-1	2	-1	-7	2	2	-1	20	9	-16	-9	
1	2	0	3	4	6	1	1	0	-1	2	0	4	5	8	-17	
4	2	-2	-1	0	5	0	-4	-1	1	0	6	1	1	14	11	
-2	-2	-1	2	1	7	2	1	-2	-1	1	-2	-1	-3	-1	16	
-5	1	2	3	1	-2	0	0	-1	0	-4	1	5	-1	4	-2	
-10	-4	-2	-1	-4	1	1	0	-1	0	2	-2	-1	6	4	1	
-5	-21	-8	0	1	2	1	1	-3	0	-2	2	-1	-3	3	0	
5	0	-20	-7	-1	3	1	0	1	-2	0	2	4	3	3	-1	
1	-1	-1	-25	-10	1	-1	0	1	0	1	2	1	2	0	-2	
Number of Zeroes=38
-------------------------------------------

Current block= 144,0 -->Match Position= 143,0

Minimal Error=11787
0	-3	1	1	-2	13	19	-11	-12	0	-2	0	4	1	-1	2	
0	0	0	1	1	2	21	8	-15	-6	-1	0	0	0	-1	0	
-1	1	2	2	-4	-1	-4	17	6	-16	-2	1	-1	0	-1	0	
0	0	-4	-2	-1	2	1	2	17	5	-16	-3	1	0	0	0	
2	2	3	2	2	-1	3	-2	1	24	-1	-17	-2	-2	-4	1	
-2	0	2	1	2	2	1	-1	-1	0	26	-1	-21	-3	-1	0	
0	3	1	1	0	0	2	2	3	-1	1	21	-5	-16	-1	0	
1	-2	1	-1	1	1	3	2	1	0	-1	3	14	-8	-15	0	
-14	0	2	-1	-1	1	1	2	0	1	3	-1	4	18	-9	-15	
-15	-13	0	-2	0	1	-2	1	2	-1	-1	1	-1	9	21	-10	
9	-10	-9	2	1	0	1	0	1	0	1	1	4	0	4	14	
13	5	-17	-9	-1	2	0	0	0	0	2	0	2	2	-2	11	
0	11	5	-15	-8	3	-3	-1	0	-1	-1	-2	0	-1	1	0	
0	-3	18	11	-14	-11	0	0	0	-2	-1	0	0	-2	1	2	
0	2	6	17	4	-15	-9	1	-1	-2	0	1	1	-1	0	1	
0	3	2	-3	5	2	-19	-13	2	2	1	-1	1	-1	2	2	
Number of Zeroes=53
-------------------------------------------

Current block= 160,0 -->Match Position= 159,0

Minimal Error=26293
-1	1	19	-2	-22	0	-2	-46	24	16	3	-14	9	15	-15	-40	
2	-2	10	15	-10	-17	0	-3	36	0	3	-13	-4	23	18	-7	
-3	1	-4	18	16	-14	-14	13	17	2	5	-8	-16	-7	12	42	
2	2	-3	0	8	11	-10	-12	-3	3	2	-7	-19	2	0	3	
3	-1	-2	-4	1	19	6	-10	-3	2	1	-2	-19	0	1	9	
0	-1	-1	5	6	0	19	31	-1	3	1	0	-7	6	-3	-7	
-1	-3	-3	-1	-1	-1	7	13	-4	2	1	3	-7	12	2	-24	
1	2	1	1	-2	2	-1	-1	-3	2	1	3	-7	7	3	-6	
-2	0	1	1	2	1	0	1	-4	0	0	1	-5	3	-6	13	
-12	0	-2	2	0	-1	1	2	-4	-3	3	3	-4	-16	-31	17	
-8	-13	1	2	-1	1	0	0	-4	-1	4	1	-2	-19	20	20	
15	-13	-11	1	0	-1	0	-1	1	9	2	2	0	6	5	-18	
10	13	-13	-9	1	0	2	-1	-1	-13	2	1	0	-1	8	11	
0	15	9	-13	-7	-13	-4	1	1	-17	7	3	1	-1	-2	20	
0	1	14	8	-19	-2	7	2	1	-11	5	4	3	1	2	7	
2	0	0	20	5	-18	-4	-1	-2	-11	6	5	3	1	0	5	
Number of Zeroes=27
-------------------------------------------

Current block= 0,16 -->Match Position= 0,16

Minimal Error=1902
1	1	0	1	-8	13	-1	1	3	1	1	2	0	-1	0	0	
1	-1	-3	-2	-5	-2	0	0	-5	0	2	0	-1	-2	2	-1	
0	0	-1	4	0	2	0	8	-6	1	-1	1	0	-1	1	-2	
1	1	3	-3	0	1	-2	0	0	0	-1	0	-1	2	2	-4	
0	-1	10	-13	-1	0	-1	-1	0	1	0	0	2	-5	1	0	
1	-2	4	0	-1	0	1	0	0	1	1	2	10	-2	1	4	
2	1	0	5	2	-2	1	-1	3	-1	0	0	2	0	0	6	
1	-3	0	0	1	-1	-1	0	6	-2	-2	2	-1	1	0	0	
2	-1	1	-1	-3	1	-1	3	1	-2	1	0	0	-1	0	1	
-1	0	-1	-1	0	0	-2	4	0	-2	0	0	-1	1	0	-3	
-3	2	-1	0	2	1	-3	0	-2	0	1	-2	1	1	-3	-2	
-2	1	-2	-1	2	-4	2	-1	-3	1	0	-1	0	0	1	2	
1	-1	1	0	1	2	5	-4	0	2	1	2	3	0	0	9	
0	1	1	1	0	3	5	-3	-1	0	-1	-9	1	3	3	7	
1	-1	0	0	0	5	-3	-3	-1	-3	1	-3	-1	-2	2	1	
0	0	0	-1	3	4	-3	-9	-8	-1	0	-1	2	-1	1	-2	
Number of Zeroes=68
-------------------------------------------

Current block= 16,16 -->Match Position= 16,16

Minimal Error=2345
0	0	-1	0	0	5	-2	1	3	-2	-3	3	-7	-2	1	4	
-1	-2	4	3	0	-1	2	1	2	3	1	3	1	-2	0	0	
1	-3	1	4	1	0	1	2	0	1	0	1	0	0	-3	1	
0	-2	1	2	1	2	0	1	0	0	0	1	2	0	-3	0	
-1	0	2	-4	-3	1	1	2	4	2	1	2	1	-1	-1	-10	
-9	2	4	3	-1	-4	1	-1	2	1	0	0	-6	-9	1	2	
-2	1	-1	0	2	2	0	0	2	-2	-2	-4	-2	3	0	-2	
-1	0	1	1	3	4	-2	-6	-2	-3	2	1	1	4	4	-3	
2	2	1	-3	0	-2	-2	-2	-1	-1	2	-3	-3	2	2	1	
0	2	4	-4	2	-2	-4	1	1	1	-1	-5	4	-2	0	-2	
0	-1	4	-1	3	0	2	1	-3	-1	3	0	3	-3	0	4	
-7	-6	-2	4	0	-2	0	0	1	-1	1	0	3	10	1	19	
2	0	0	1	3	-4	-3	-2	-2	-1	9	2	0	0	-3	9	
-2	0	-1	-1	1	2	0	1	-1	-2	7	2	-2	3	2	1	
-4	1	4	1	-3	-7	3	5	1	-2	5	-5	-2	1	3	0	
0	-3	1	2	-7	-5	1	2	1	1	5	-2	-1	1	-1	0	
Number of Zeroes=47
-------------------------------------------

Current block= 32,16 -->Match Position= 32,16

Minimal Error=3077
1	0	0	-2	1	1	-1	-5	-2	0	3	-4	1	2	0	-3	
-1	2	2	0	-3	-6	-3	-1	7	0	1	-1	-2	-4	-5	-1	
0	4	-3	-6	-3	2	-2	1	0	1	-4	-5	-2	3	-6	-4	
-3	4	-5	1	-4	1	2	-5	-7	-1	-1	0	-1	3	3	4	
0	8	-5	-4	-1	-5	1	-3	2	4	-5	-2	4	0	7	0	
6	4	1	-4	-2	-1	-2	-2	-1	7	5	6	9	-7	-1	1	
-2	0	-7	-5	1	-1	-2	0	5	5	3	0	7	-2	-1	-1	
-1	1	3	-2	0	5	8	3	0	1	-1	1	0	3	-2	-3	
0	2	1	2	3	2	0	1	-8	-10	1	-1	1	3	-1	5	
0	9	8	1	1	0	-2	11	10	-10	2	0	-3	0	-1	2	
-1	0	3	-5	0	0	1	-2	2	1	0	0	1	2	0	-4	
-13	-9	11	-6	-3	0	2	1	-1	1	-1	-3	0	2	5	-1	
5	4	-3	-2	1	0	0	0	1	0	4	-3	-1	2	1	-1	
-2	4	2	0	1	-1	0	1	2	-2	1	1	1	-1	1	0	
-1	-1	-1	0	2	-2	-2	1	1	2	-7	1	1	-2	1	2	
1	0	-2	2	1	1	-6	1	-2	6	-5	-1	3	-1	1	1	
Number of Zeroes=41
-------------------------------------------

Current block= 48,16 -->Match Position= 48,16

Minimal Error=23645
3	1	2	3	2	8	6	12	15	-41	1	0	2	5	-4	1	
0	2	-1	2	5	-1	-2	40	5	-2	0	-1	0	2	-3	-6	
4	8	2	1	0	0	10	5	-8	-8	0	0	-1	2	-7	-14	
5	4	-1	0	1	1	4	10	15	-7	-6	2	3	-4	-12	-13	
0	0	1	0	2	-2	1	0	6	6	0	2	0	-11	-14	-13	
0	0	-4	-3	1	3	2	2	1	0	2	1	-5	-13	-15	-12	
3	1	1	1	2	0	0	1	2	-5	-2	-6	-13	-15	-16	-14	
2	2	-4	0	3	1	-1	0	11	5	-3	-8	-16	-15	-17	-17	
-3	3	-9	0	1	0	0	4	-15	-5	-13	-9	-15	-16	-15	-17	
18	-23	-22	2	1	-1	-2	36	-22	5	-17	-13	-16	-15	-17	-18	
38	1	-4	2	0	0	1	14	0	-2	-10	-16	-15	-16	-19	-13	
-3	1	0	1	4	-10	1	-2	3	-3	-9	-12	-19	-19	-16	-9	
1	0	1	2	7	2	0	-1	2	-8	-11	-13	-13	-14	-12	-5	
1	2	-1	-3	0	1	-2	0	0	-7	-9	-13	-15	-16	-13	-3	
1	2	2	-1	0	-1	1	2	-4	-11	-13	-13	-16	-13	-7	-3	
0	1	1	0	-1	1	-2	2	-5	-10	-14	-16	-21	-12	-7	-4	
Number of Zeroes=37
-------------------------------------------

Current block= 64,16 -->Match Position= 63,15

Minimal Error=8374
3	-2	-10	-13	-15	-26	-19	-10	-1	0	-1	1	1	-2	0	0	
0	-8	-16	-17	-16	-18	-11	-2	-1	0	0	1	-1	0	1	-1	
-10	-15	-23	-17	-16	-9	-1	1	2	0	0	1	-1	-1	1	0	
-16	-17	-20	-17	-8	-1	-1	0	0	0	1	2	0	0	0	0	
-14	-15	-15	-10	-3	0	0	1	0	1	0	1	0	0	1	0	
-15	-17	-12	-4	-2	-1	0	-1	0	-1	-1	0	0	1	-1	1	
-13	-13	-6	-1	-1	0	-1	0	-1	0	0	-1	1	0	0	0	
-15	-10	-1	0	-2	-1	-1	1	1	0	1	0	0	0	-1	0	
-14	-4	-1	-1	0	2	1	-1	0	-1	1	1	1	0	-1	0	
-10	-3	-2	-1	1	1	-1	0	0	-1	0	-1	-2	0	0	-1	
-5	-2	-2	-1	-1	-1	0	0	0	0	0	0	-1	-1	0	0	
-2	-2	0	1	0	-1	0	-1	0	-1	-2	0	1	0	1	1	
-3	-2	0	0	1	0	0	0	0	1	1	0	0	0	0	0	
-2	1	0	-1	-1	0	-1	0	0	0	1	1	0	0	0	-1	
-1	-1	-2	-1	-1	0	-1	0	-1	0	0	-1	2	1	0	1	
-2	-1	-1	-1	-2	-1	0	1	-1	1	-1	0	1	-1	0	0	
Number of Zeroes=92
-------------------------------------------

Current block= 80,16 -->Match Position= 81,15

Minimal Error=178
-1	0	0	-1	0	-1	0	0	-1	0	-1	0	1	0	1	0	
-2	0	1	0	-1	-1	-1	1	1	0	0	0	0	1	0	0	
0	0	0	-1	-1	0	0	1	1	1	0	1	0	0	0	1	
-1	0	-1	1	0	0	2	1	0	1	0	1	0	0	1	0	
-2	-1	0	0	-1	1	0	1	0	0	1	1	0	0	-1	0	
-1	-1	1	1	-1	0	0	0	1	0	0	1	-1	1	1	0	
-1	-1	-1	1	0	1	0	0	0	0	0	0	1	0	1	1	
-1	0	0	0	0	0	1	0	0	0	0	0	1	0	1	1	
0	-1	1	0	1	1	-1	0	1	0	0	0	0	1	0	0	
-2	0	1	1	0	0	-2	1	0	0	0	1	0	0	0	1	
-2	1	-1	-1	-1	0	-1	0	0	0	-1	-1	0	0	0	-2	
0	1	-2	-1	0	-1	1	0	0	0	0	1	1	-1	-1	0	
1	0	0	1	1	0	0	0	0	0	0	1	1	0	0	1	
-1	0	1	1	1	1	-1	0	1	-1	2	1	3	2	1	-1	
1	0	1	0	0	1	1	2	1	0	1	1	-1	1	1	0	
-1	0	-1	0	1	1	2	0	0	1	-1	-1	-1	0	0	-1	
Number of Zeroes=122
-------------------------------------------

Current block= 96,16 -->Match Position= 95,17

Minimal Error=2037
-1	0	0	1	0	1	0	1	1	4	4	1	4	15	5	4	
1	1	1	1	0	1	0	0	0	2	3	0	1	7	20	6	
1	0	1	0	0	1	0	0	2	4	4	2	0	0	12	13	
2	0	0	0	-1	0	1	2	2	5	3	3	2	1	1	14	
1	0	1	1	0	0	0	0	1	3	2	3	2	0	1	6	
2	1	0	-1	0	-1	-1	1	0	3	4	4	3	1	3	3	
1	1	1	0	-1	0	1	0	1	2	3	1	1	2	3	3	
-1	1	0	0	1	0	1	0	1	1	2	3	1	2	3	4	
-1	-1	0	-1	1	1	1	2	2	2	3	3	2	1	2	2	
0	0	-1	0	-1	1	1	2	2	2	4	3	3	2	2	3	
0	1	0	0	0	0	1	1	2	2	2	4	2	2	3	2	
-1	0	0	0	0	0	1	1	2	1	0	2	2	1	2	2	
0	-1	0	1	0	1	1	2	1	1	2	3	2	2	2	3	
-1	0	1	0	0	1	1	2	3	3	2	2	3	2	2	2	
-1	0	0	0	0	-1	1	1	2	2	1	2	2	2	2	1	
-1	-2	0	0	1	0	1	1	1	2	3	3	2	2	1	2	
Number of Zeroes=64
-------------------------------------------

Current block= 112,16 -->Match Position= 111,16

Minimal Error=65692
1	-1	2	2	1	2	1	1	-1	-10	2	4	1	1	25	13	
0	0	-1	1	-2	0	0	-1	0	6	2	-14	-10	-1	-2	21	
-5	-1	1	2	1	2	0	-4	2	0	-2	2	5	0	-1	0	
18	1	4	3	0	-2	-1	7	1	0	1	1	14	2	-1	0	
24	9	0	3	-5	-2	1	-2	1	1	1	1	-2	0	1	0	
23	26	4	1	3	6	-3	-2	-1	1	1	-2	1	-2	-1	3	
12	29	16	1	-2	-2	3	3	0	1	0	1	1	0	-1	0	
5	20	24	8	1	1	1	1	2	-1	1	2	3	-1	-5	-1	
5	11	26	16	2	0	1	2	0	2	1	-1	0	-1	3	0	
3	5	26	21	11	4	0	0	0	0	1	1	0	-1	1	-1	
2	3	14	25	18	2	0	-1	0	2	-1	0	0	-3	0	3	
4	5	9	23	19	6	2	0	-1	0	-1	0	-1	3	0	-1	
4	5	4	42	34	14	3	0	1	-2	0	1	1	1	0	1	
3	6	3	29	92	40	2	-1	1	2	1	1	0	0	2	2	
3	3	4	7	82	102	38	-5	4	-1	0	0	1	0	0	0	
3	4	3	3	54	102	89	-5	-8	2	-1	0	0	-2	-2	-2	
Number of Zeroes=49
-------------------------------------------

Current block= 128,16 -->Match Position= 127,16

Minimal Error=15378
-8	1	-4	-2	-20	-7	2	0	-1	1	1	2	0	-1	-3	-2	
18	-3	-1	3	3	-20	-17	0	-2	-1	2	1	1	3	2	1	
16	16	-3	7	-1	1	-16	-16	-1	-2	-17	-3	3	1	1	3	
-3	22	24	-2	0	3	1	-12	-15	-2	2	7	0	-1	1	1	
-1	-3	9	24	-1	-2	2	2	-12	-17	4	5	-2	0	0	2	
1	1	-2	5	19	2	-1	1	3	-8	-20	-6	1	1	-1	3	
1	1	3	-3	6	26	4	0	-2	0	-3	-11	-6	-3	-4	0	
-1	-1	1	0	-1	1	23	6	0	5	-1	-4	-17	-4	-5	-1	
-1	-1	-1	1	1	0	1	25	8	-8	-3	-1	-6	-21	-7	-2	
-2	0	-2	-1	1	0	-1	-2	19	8	-1	0	0	-4	-22	-6	
3	1	1	-1	-1	-2	3	1	-1	26	15	-3	1	1	-3	-8	
0	1	1	1	0	-1	2	-1	-1	-11	4	12	-9	1	2	-4	
1	1	0	3	2	1	1	0	5	-4	-3	15	20	-6	-4	2	
3	-1	0	-1	1	0	-1	-1	0	1	13	-1	16	19	-4	-2	
1	1	-1	2	1	-2	1	1	1	0	-1	0	-2	14	25	-3	
1	0	0	-1	0	-1	0	-1	-4	-2	1	3	1	-3	11	25	
Number of Zeroes=30
-------------------------------------------

Current block= 144,16 -->Match Position= 143,16

Minimal Error=8603
1	5	4	1	-2	9	1	-8	-7	1	1	0	-1	-1	2	3	
-3	4	3	0	-2	0	6	1	-19	-5	1	-1	-2	-2	1	0	
3	3	2	0	3	-3	-1	11	3	-19	-5	1	-1	0	0	0	
6	4	3	2	0	0	6	3	10	1	-20	-8	-1	1	2	3	
-1	1	1	0	-2	-2	-4	5	1	11	5	-22	-7	1	-1	1	
-3	1	2	2	-2	-1	2	4	0	-1	10	5	-20	-3	3	0	
0	2	2	1	-1	-2	5	8	3	0	6	13	6	-22	-15	0	
1	6	1	2	0	-4	2	-5	-3	5	4	1	14	6	-14	-7	
2	1	1	-2	1	1	-2	-4	3	1	0	3	5	20	10	-18	
0	1	4	2	1	1	1	4	0	3	5	7	3	1	12	4	
-2	2	-1	1	1	-1	-3	-1	2	-3	3	2	-1	-1	1	8	
-17	-5	-3	-2	1	-1	0	3	2	1	2	3	2	2	1	4	
2	-19	-8	1	-2	-1	0	3	2	1	5	1	1	4	2	2	
3	1	-19	-11	1	0	-1	-1	1	-1	2	-3	-1	-1	1	3	
0	3	0	-13	-11	-1	0	0	-2	-4	1	3	-5	-2	0	0	
-6	-4	2	4	-15	-14	0	-1	-5	-5	1	3	2	5	2	0	
Number of Zeroes=31
-------------------------------------------

Current block= 160,16 -->Match Position= 159,16

Minimal Error=15280
1	0	-2	-1	16	4	-16	-1	0	-2	-6	3	1	0	1	-4	
0	-1	0	0	1	22	1	-15	1	-4	-16	9	0	2	-23	-22	
3	1	0	3	1	2	12	-8	-14	-6	-7	16	0	2	-16	-6	
-2	1	0	2	0	-1	-7	24	-5	-15	-3	6	3	5	-15	11	
2	0	3	2	0	-2	4	6	14	-11	-35	2	6	2	-1	18	
0	-3	-1	-1	2	1	2	1	4	26	0	2	12	-1	1	3	
-1	0	1	1	1	2	0	3	-2	8	0	12	16	0	3	3	
2	0	0	-1	-2	-1	4	3	-2	0	9	12	7	0	4	3	
-6	-1	0	3	0	1	-3	0	1	3	0	-7	-1	1	3	2	
-22	-8	-1	-1	0	0	1	2	0	2	2	-13	-3	2	2	2	
5	-22	-9	0	1	1	0	2	-1	0	2	3	18	2	3	6	
13	3	-16	-4	1	-2	0	0	0	-1	0	-5	-27	11	3	4	
8	17	5	-20	-4	2	-1	0	-1	1	1	-4	9	17	1	4	
-3	0	14	3	-20	-7	-1	-6	-1	-2	1	1	13	2	1	2	
0	-1	0	9	2	-19	-4	-3	-2	2	1	-1	-11	-2	1	-1	
2	1	2	-3	8	-3	-20	-1	2	-1	2	-1	-5	10	1	0	
Number of Zeroes=42
-------------------------------------------

Current block= 0,32 -->Match Position= 0,32

Minimal Error=3901
0	1	1	0	1	4	-3	3	-11	0	-1	-1	1	-3	-3	-2	
2	1	-5	-4	1	-1	1	0	1	-9	-3	-2	4	0	-1	6	
2	0	1	8	5	-4	-7	-7	2	4	-1	1	2	-1	-7	17	
1	4	1	5	2	1	0	-1	-1	-3	13	13	-9	5	-2	-1	
0	2	0	-3	-2	-2	0	3	3	0	14	16	-4	0	4	-3	
2	3	2	-1	-1	3	-1	12	2	1	0	-2	4	-2	-4	2	
0	2	2	0	5	3	-3	-5	0	1	1	0	1	12	-4	4	
-1	1	-6	6	1	0	-1	10	-11	-9	1	0	-1	-3	3	-1	
0	0	-3	1	-4	0	-4	10	5	-2	1	6	3	-7	1	-1	
1	0	3	3	0	0	-2	-1	1	1	2	0	3	-1	1	0	
2	2	1	1	0	0	-2	1	-2	1	1	2	2	1	-1	-2	
-2	0	0	-1	2	-1	0	4	-1	2	2	0	0	1	1	2	
0	3	-2	-1	-1	-1	-1	0	2	1	1	3	-1	0	0	1	
0	0	0	1	-1	-2	0	0	4	1	0	1	5	-10	1	-1	
-1	0	1	-1	-2	-1	-2	-1	1	0	0	2	8	-2	0	0	
1	3	2	-12	6	-5	-5	0	-2	-1	1	3	-9	4	1	6	
Number of Zeroes=50
-------------------------------------------

Current block= 16,32 -->Match Position= 16,32

Minimal Error=4228
2	-1	8	17	-27	2	-1	-1	1	-7	-1	1	0	3	0	0	
4	11	11	8	-4	2	2	-2	14	-4	-2	0	3	-5	0	1	
-6	1	2	5	-6	-3	3	1	-1	1	0	1	3	2	5	-13	
1	-2	-2	5	2	-3	2	0	2	1	-1	2	2	2	11	-6	
1	0	-2	2	0	-1	-1	0	0	-2	-1	-1	0	0	-1	4	
-1	-1	0	5	-2	-3	0	0	9	-6	1	-1	2	-2	2	2	
-3	-1	-3	3	4	3	-4	0	3	1	-3	3	-3	-5	1	1	
0	0	0	-1	0	3	3	-9	-1	2	-2	1	6	1	0	-7	
0	-3	2	-3	0	1	10	-2	4	-4	-3	-2	-1	2	13	-1	
3	-3	-2	-2	1	0	0	0	1	2	0	-1	-1	0	-1	12	
0	3	0	2	2	-2	6	-6	-4	1	-5	1	0	-1	-2	4	
0	2	-1	3	0	-1	5	5	-2	1	2	-1	-3	3	-2	-2	
1	1	-2	1	1	0	-5	1	0	-3	1	6	-4	1	-6	1	
-1	-2	2	1	2	-4	-2	0	1	0	0	-1	1	13	-7	4	
-4	-1	1	1	3	1	0	-1	4	-7	-5	-1	0	-1	-2	1	
-4	-1	3	-1	-1	-1	-2	0	6	1	-2	0	-2	-1	-1	0	
Number of Zeroes=44
-------------------------------------------

Current block= 32,32 -->Match Position= 32,32

Minimal Error=6510
0	1	1	-9	-22	6	-2	1	2	-1	1	1	1	-1	0	0	
1	2	22	3	-4	1	6	-1	-3	0	0	1	1	0	0	-1	
3	-1	-2	2	-1	0	3	6	-3	0	0	1	0	3	1	0	
0	1	1	3	0	0	0	0	0	1	1	-1	-1	1	-1	2	
-2	0	-1	1	1	2	-2	-1	-2	4	2	0	-1	-1	7	-13	
1	5	-12	1	1	1	0	1	0	-1	4	1	-2	-1	8	4	
-2	7	0	0	-1	0	-3	0	1	-3	-3	0	2	-2	-2	5	
-3	2	-1	0	-1	2	3	-4	0	0	-2	-1	0	0	1	2	
-11	-2	-2	-1	-1	-4	5	-3	-1	0	-2	2	-1	0	-2	1	
1	-3	2	1	1	0	2	0	-1	-2	-2	-1	2	2	0	0	
-2	-1	2	3	1	1	1	5	2	-3	1	0	2	2	-3	-8	
3	-2	1	0	0	-2	-1	-3	-1	-3	0	-6	-3	-9	-10	-4	
2	2	1	-4	2	10	-5	1	-1	0	-6	-2	2	-6	6	1	
-1	5	2	-6	1	2	1	-1	-17	-6	-5	-4	6	-4	0	3	
3	5	-4	0	-5	-10	-11	-4	5	1	0	2	0	3	2	-4	
-1	3	-3	-9	-4	-4	-6	-5	-1	0	3	-5	-4	3	9	-49	
Number of Zeroes=48
-------------------------------------------

Current block= 48,32 -->Match Position= 47,31

Minimal Error=402701
-1	-1	-1	1	3	-1	-2	0	3	-6	-12	-16	-18	-10	-6	-4	
0	-1	-4	-2	0	-2	7	4	-5	-6	-11	-13	-13	-9	-4	-3	
1	-2	0	1	0	2	-1	-2	-3	-11	-15	-13	-11	-7	-4	-2	
2	1	5	0	0	1	1	-2	-7	-14	-14	-13	-11	-5	-3	-2	
0	0	-2	-2	-1	-2	0	-4	-9	-12	-12	-14	-7	-6	-4	-2	
-8	-6	-3	1	2	-1	-4	-9	-12	-10	-13	-12	-6	-4	-4	-4	
3	5	-1	3	1	0	0	-6	-7	-13	-32	-13	-6	-4	-4	-2	
2	0	-1	-1	-4	3	1	-20	-49	-84	-70	-6	-7	-6	-2	-1	
-5	-2	3	-4	-10	-29	-63	-88	-100	-94	-42	-6	-7	-7	-4	-3	
1	-2	-17	-49	-71	-83	-87	-84	-92	-81	-21	-5	-7	-4	-4	-1	
-42	-68	-93	-74	-27	-35	-88	-80	-94	-78	-12	-7	-6	-1	9	18	
-73	-39	-15	5	10	-39	-98	-116	-112	-68	-6	-4	10	27	24	11	
-2	9	16	18	-16	-90	-114	-134	-135	-50	11	26	31	16	-1	2	
1	4	-7	-26	-46	-108	-124	-125	-91	4	32	24	7	13	32	35	
-20	-18	-33	-44	-76	-108	-68	-15	20	22	19	30	44	43	13	-5	
-17	-60	-95	-110	-99	-9	21	15	19	42	71	65	21	-11	-16	-6	
Number of Zeroes=13
-------------------------------------------

Current block= 64,32 -->Match Position= 63,31

Minimal Error=22961
-3	-3	0	-1	-1	-1	-1	-2	-1	0	-1	-2	-1	0	-1	0	
-1	-1	-2	-2	-1	1	0	1	0	-1	-2	-2	0	-1	0	0	
0	-1	0	0	-1	0	0	1	0	1	0	0	-1	-1	0	0	
-1	-2	-2	-1	-1	0	2	1	0	0	1	1	1	1	0	0	
-2	-3	-4	0	2	0	1	1	-1	0	0	0	0	1	0	1	
-4	-3	-3	0	-1	-1	0	-1	1	0	0	0	1	1	1	1	
-3	-4	-1	-1	1	-2	0	1	1	0	1	1	0	1	0	-2	
-2	-2	-2	0	0	0	-1	-5	-9	-13	-16	-19	-21	-24	-25	-28	
-3	-2	0	-2	-7	-12	-18	-24	-27	-30	-32	-33	-36	-39	-41	-44	
2	4	0	-5	-5	-3	1	3	4	6	7	9	9	6	-1	-9	
13	9	4	6	9	9	9	10	11	8	9	6	4	6	4	3	
3	4	6	9	9	10	7	7	9	5	7	8	12	10	10	5	
14	14	8	4	7	8	5	3	3	6	6	9	16	14	15	11	
18	-2	-6	-3	1	2	5	9	9	7	5	7	12	21	29	21	
-5	-1	2	3	4	7	11	12	9	8	4	0	-2	2	15	10	
-1	0	5	11	12	10	9	6	6	4	-5	-7	-4	-4	2	2	
Number of Zeroes=47
-------------------------------------------

Current block= 80,32 -->Match Position= 79,32

Minimal Error=19559
1	2	0	0	0	-1	-1	0	0	-2	-1	0	1	1	1	1	
1	2	0	-1	-1	0	-1	0	0	-1	-1	1	0	-1	-1	0	
0	-1	0	0	0	0	0	1	2	-1	0	1	0	1	0	1	
1	0	2	1	1	0	0	0	1	0	0	0	0	0	0	1	
0	0	-1	0	1	1	0	1	0	0	0	1	-1	-1	0	0	
-1	0	1	-1	0	0	1	-1	0	1	0	1	0	0	2	1	
-3	-2	-1	0	0	0	2	-1	-1	0	0	-1	0	0	1	0	
-10	-11	-11	-9	-8	-6	-5	-4	-5	-4	-3	-1	-1	0	0	-1	
1	2	7	8	5	-6	-3	2	5	1	-4	-6	-6	-1	2	3	
39	36	31	30	27	23	22	26	31	24	13	11	10	7	9	13	
19	15	13	11	11	10	14	10	9	8	8	7	1	-6	-5	4	
11	14	15	18	13	12	13	14	12	8	8	0	-7	-9	-12	0	
-2	-5	-7	-3	0	-3	-12	-10	-14	-17	-15	-14	-15	-13	-1	7	
-11	-27	-25	-24	-15	-15	-15	-12	-12	-11	-8	-5	-4	-3	0	-1	
-4	-7	-6	-7	-5	-4	-5	-8	-5	-3	-3	0	3	2	0	0	
-1	-4	-3	-5	-6	-3	-2	-4	-3	-2	-1	-3	1	2	1	4	
Number of Zeroes=64
-------------------------------------------

Current block= 96,32 -->Match Position= 96,32

Minimal Error=15813
-1	-1	-1	0	0	1	1	1	2	2	4	2	4	2	2	2	
1	0	-1	0	1	-1	0	0	2	1	1	3	2	3	5	2	
1	0	-1	0	0	0	-1	0	2	0	2	2	2	3	3	2	
0	-1	0	0	-2	-1	0	1	1	1	2	3	3	4	2	3	
0	0	1	0	1	1	-1	1	0	2	2	2	2	2	2	4	
0	0	1	1	1	1	0	2	0	2	1	1	3	1	4	4	
0	0	0	0	0	0	-1	1	2	2	1	2	2	3	3	3	
-1	0	-1	1	-1	1	0	0	1	0	1	1	0	2	3	1	
1	1	1	2	3	4	4	3	3	3	2	1	1	1	1	2	
18	19	19	15	12	12	9	9	10	11	12	12	12	7	6	6	
26	25	20	9	9	8	6	5	5	7	9	8	7	7	9	9	
23	24	20	2	-3	-10	-9	-6	-5	-4	0	2	0	-3	-4	-1	
18	21	16	-3	1	-3	-10	-12	-11	-10	-9	-6	0	3	1	-7	
7	19	20	3	-13	-12	-7	-4	-9	-12	-8	-9	-10	-6	2	7	
7	6	1	-5	-19	-29	-23	-4	7	-2	-14	-16	-12	-10	-8	-5	
10	6	1	-3	-12	-12	-5	12	27	19	6	-7	-16	-15	-11	-9	
Number of Zeroes=38
-------------------------------------------

Current block= 112,32 -->Match Position= 111,32

Minimal Error=142792
1	3	4	5	25	94	101	41	-16	-12	-2	0	0	0	1	0	
1	2	5	4	10	70	104	69	6	-10	-15	-2	-2	-2	-1	0	
1	2	4	6	6	58	94	91	15	7	-10	-21	-4	-1	0	2	
3	2	1	5	3	42	108	96	35	3	8	-3	-22	-8	4	-1	
3	3	2	4	4	14	80	112	56	4	5	5	3	-19	-10	2	
2	3	2	3	5	9	14	65	85	1	0	1	2	4	-15	-10	
3	1	1	0	3	9	18	12	38	23	1	4	1	1	1	-17	
2	1	2	0	2	6	16	16	11	22	22	-4	-5	-4	-2	3	
1	2	2	0	3	6	16	19	17	12	11	22	-2	-1	4	1	
7	6	5	3	4	4	11	19	14	3	-3	4	29	12	-3	0	
17	18	18	18	16	15	12	11	8	1	-2	4	9	19	11	-3	
-1	-2	1	6	11	12	13	18	15	14	9	3	1	-2	20	21	
6	-2	-2	-4	-4	-3	-5	-2	1	4	7	9	7	3	8	14	
9	-4	-1	2	1	-2	-2	-3	-2	0	-2	-3	4	-6	-18	-3	
-2	-14	-13	-10	-7	-8	-4	-3	-5	-1	-3	-6	-5	1	-28	-29	
-4	-9	-16	-13	8	-7	-16	-5	-4	-5	-2	-4	-5	2	-21	-35	
Number of Zeroes=12
-------------------------------------------

Current block= 128,32 -->Match Position= 128,33

Minimal Error=4303
1	-1	0	2	-3	2	2	0	-1	-3	-2	-1	2	1	-2	7	
-1	-2	0	0	1	9	-2	0	2	-3	-3	-2	1	2	1	4	
-2	-1	2	-1	2	-2	-6	0	3	2	-1	0	1	3	0	5	
-2	-2	4	1	-1	3	1	0	1	4	-7	-1	-1	5	0	4	
2	0	1	1	1	11	2	-2	-1	0	-1	-1	-1	4	-1	3	
0	0	-1	0	-1	4	-8	-2	3	2	1	1	-1	2	0	2	
-7	2	1	-1	3	-1	0	-1	1	-3	-2	1	-1	2	0	-1	
-4	-4	-5	2	0	-2	3	2	-1	-1	1	-1	1	0	4	-5	
2	-4	-10	1	-2	1	0	1	-3	-1	-1	0	2	-1	0	-7	
2	4	-1	-6	-2	-1	-2	0	0	-4	0	2	1	1	0	-3	
4	-1	1	1	-10	-8	-1	1	-1	17	17	-3	2	2	1	-4	
2	-4	2	-2	1	-1	-4	1	1	15	-10	-18	2	3	-1	0	
12	11	-1	-2	7	4	-2	-11	-4	10	-9	-2	0	1	-3	1	
7	2	4	-1	-3	2	3	-2	-10	0	-2	-2	4	-1	-5	3	
-3	-1	5	7	2	3	0	0	-1	-4	-3	-1	5	-4	-1	2	
-15	-1	-5	2	7	-5	-5	1	-1	3	-4	-5	5	-5	-1	2	
Number of Zeroes=32
-------------------------------------------

Current block= 144,32 -->Match Position= 143,32

Minimal Error=11436
27	-3	-2	1	5	-12	-9	0	-2	-1	2	1	-1	5	1	0	
3	22	3	-3	5	5	-13	-8	2	-2	3	0	-5	0	0	0	
-4	0	20	1	-3	1	7	-15	-16	-15	1	-1	2	0	1	1	
1	1	4	26	1	-6	2	2	-12	-10	2	-3	3	6	0	0	
2	2	3	3	23	9	-5	1	5	0	2	0	-1	-1	2	0	
1	0	-1	0	-1	19	6	-2	-2	0	-6	-12	2	0	2	0	
1	-1	1	-2	-2	-1	18	9	-6	3	-1	-9	-17	-2	1	1	
0	0	0	0	0	-2	0	18	15	-3	2	1	-7	-13	-3	-2	
0	-1	0	-1	0	0	1	-3	17	15	-6	-1	4	-4	-19	-3	
-1	0	-1	-1	-2	-3	3	1	-3	13	18	-6	3	4	-6	-17	
0	-3	-2	-1	-1	2	4	1	-1	-5	10	11	-6	-1	5	-5	
0	3	1	1	-1	-1	0	2	0	3	-1	13	21	-4	-6	4	
0	1	0	0	0	3	0	-2	-2	-1	0	-2	9	23	1	-2	
-1	-1	1	0	1	-1	-1	-3	-5	1	0	0	0	6	22	1	
1	0	-1	-1	0	0	-1	1	5	1	1	0	-1	0	2	15	
-1	-1	1	-1	-2	0	1	-1	-2	-2	1	0	2	1	0	0	
Number of Zeroes=52
-------------------------------------------

Current block= 160,32 -->Match Position= 159,32

Minimal Error=9643
-1	0	5	-1	1	18	4	-12	2	3	2	0	-1	-4	2	-1	
0	0	-1	-1	-1	2	13	-2	-16	4	-1	2	-3	-11	7	1	
3	0	2	-2	1	4	1	18	1	-15	-3	2	-5	5	11	1	
-2	0	2	2	-3	5	3	2	14	-4	-16	-1	-2	1	0	4	
0	0	-1	-1	1	5	0	1	0	19	0	-19	-19	-3	1	2	
1	-1	-1	-1	2	3	3	-1	2	2	12	2	-15	4	4	1	
1	-1	-1	1	0	-2	0	0	4	-4	-2	12	12	10	1	-1	
1	0	-2	0	0	1	2	4	3	3	6	2	15	-13	-14	2	
-1	-2	2	2	0	1	-1	0	3	1	1	3	1	-9	9	13	
-3	-3	-2	4	3	1	1	-1	-1	-3	2	0	0	0	13	6	
-15	0	0	0	0	0	-1	1	1	5	3	0	-3	-10	13	7	
-6	-19	-4	1	-1	-1	0	1	2	3	-2	-1	3	0	11	13	
2	-5	-18	-3	-1	-2	0	4	4	2	0	-3	-1	4	4	11	
-5	6	2	-12	-5	2	-4	1	0	1	-1	-1	0	-1	5	3	
1	-6	3	2	-20	-4	2	1	0	0	-2	-2	0	-6	-1	8	
20	3	-6	1	2	-11	-6	3	-3	0	0	1	-2	-3	-3	21	
Number of Zeroes=40
-------------------------------------------

Current block= 0,48 -->Match Position= 0,48

Minimal Error=6394
-1	2	6	1	3	3	-1	-1	-1	-1	1	6	0	-1	1	1	
1	1	-1	1	-1	-1	1	-1	-1	1	0	1	1	0	-1	1	
-1	0	0	-1	0	2	1	1	-1	0	-2	-1	5	-5	-1	-1	
-1	-1	-1	-2	1	-7	2	-5	0	3	-1	0	3	1	0	1	
2	1	2	1	8	-3	8	-5	-2	0	2	1	-6	2	-1	0	
1	-2	3	-5	1	1	2	2	2	-2	0	1	-1	2	-1	0	
1	-1	1	-4	4	0	0	1	-1	-2	1	-4	2	0	-4	-8	
1	3	3	0	0	-1	0	0	-1	-1	-3	0	-2	-24	-9	-2	
1	0	2	-1	0	-3	0	5	-4	1	-2	-1	-2	-14	-3	-2	
1	1	1	0	2	-2	0	3	-12	-18	1	5	7	-14	-1	-10	
1	-1	-2	0	0	-4	-10	2	-2	4	-1	-3	10	6	11	-3	
2	0	-3	-9	-8	2	8	-5	-11	5	1	3	-6	-1	-1	0	
-1	0	-10	6	1	6	11	11	-22	-5	-7	-6	-10	2	-1	-2	
0	3	2	1	-5	10	1	-4	-13	-1	5	0	-1	2	3	-3	
0	-1	-9	4	-7	3	10	-8	-3	2	-3	-6	1	-5	-2	-3	
-3	2	-8	-3	3	3	19	20	8	-1	-5	-10	-4	-4	-3	0	
Number of Zeroes=36
-------------------------------------------

Current block= 16,48 -->Match Position= 16,48

Minimal Error=3312
2	-2	1	-2	-1	-1	-2	0	1	2	-4	0	-1	0	5	-1	
1	2	0	0	1	-6	0	0	-2	4	0	2	-3	-6	-10	-3	
1	2	2	1	6	0	0	2	-6	0	-3	-10	-5	-8	1	1	
3	-1	2	-4	-1	2	1	-2	-9	-11	-2	-5	4	0	-1	-4	
2	2	2	0	-3	-7	-6	-6	0	3	2	0	2	3	1	-5	
2	0	-5	-8	-10	-5	-2	0	0	-5	2	-4	-8	-12	-10	-2	
-5	-8	-2	-1	1	5	-7	3	6	-19	-8	-4	-5	2	-1	2	
1	1	2	2	-5	11	-11	6	-3	3	3	1	-2	3	1	-1	
1	1	-3	-2	0	-5	-6	1	-1	-2	-3	-1	-3	-1	2	3	
-3	-2	4	-4	1	-1	-4	-3	2	3	4	3	1	0	-1	1	
-4	-3	-4	2	-1	4	3	-2	-1	2	-2	0	0	1	-1	-3	
-2	3	4	-1	-1	0	1	1	3	4	2	0	0	3	0	2	
-2	-2	2	2	1	1	0	-1	-1	0	0	-1	1	2	-1	0	
2	-1	0	0	0	-1	0	0	0	2	-2	-1	-2	0	-1	0	
-4	-2	-1	2	-1	-3	-1	-1	-2	-1	0	2	1	0	-1	-2	
-7	-5	-4	-3	0	-2	-1	-2	-1	-1	-3	-2	-2	-2	0	-3	
Number of Zeroes=42
-------------------------------------------

Current block= 32,48 -->Match Position= 31,49

Minimal Error=15013
35	19	2	-7	-7	-4	-4	-4	0	6	10	16	16	7	7	-46	
-4	-5	-5	-6	-4	2	12	13	15	14	8	3	-3	-5	-3	-56	
-3	-5	1	5	11	13	7	7	5	-3	-4	-2	-1	-2	-3	-44	
6	12	17	20	10	7	5	-1	-1	-1	0	0	-2	1	3	-37	
19	11	1	4	6	1	2	-1	-2	0	1	0	1	-2	-3	-21	
1	2	2	2	-4	-6	-3	2	0	-3	-3	-2	1	0	1	-5	
-2	-3	-5	-4	-3	1	-1	0	0	-1	-2	-1	-3	-3	-1	1	
0	0	-3	-2	-2	1	0	0	-1	-1	-1	-2	-1	-2	-3	0	
-2	0	0	-1	-2	-2	-2	0	-1	0	3	1	-1	-1	0	0	
-2	-2	2	2	-1	0	2	0	-1	-1	0	1	1	1	1	0	
1	3	-1	0	-1	-2	0	1	0	0	0	0	0	0	1	2	
0	-3	1	1	3	2	0	2	1	-1	-1	0	0	0	1	0	
0	-2	1	0	0	0	-1	0	0	0	0	0	-1	0	-3	0	
0	0	-1	1	2	1	-1	0	0	1	-1	0	-1	1	0	0	
0	1	0	0	-1	-1	-2	0	1	2	1	0	2	1	0	-1	
1	1	2	1	3	1	-1	-2	-2	-1	1	0	0	-1	1	-1	
Number of Zeroes=64
-------------------------------------------

Current block= 48,48 -->Match Position= 47,49

Minimal Error=543145
-94	-98	-105	-105	-23	56	85	94	83	81	58	2	-22	-7	2	18	
-94	-101	-104	-69	35	67	79	88	79	49	0	-19	-13	-7	10	27	
-94	-98	-91	-28	47	66	75	80	51	14	-8	-9	-4	-10	5	25	
-92	-90	-75	-20	48	68	72	65	28	13	5	5	13	3	9	18	
-86	-85	-66	-11	59	64	66	51	21	19	19	15	21	24	19	5	
-74	-85	-68	-19	54	60	57	40	25	28	24	18	29	30	4	-11	
-47	-86	-75	-44	40	60	47	29	23	36	29	26	43	16	-10	-21	
-12	-73	-84	-65	17	59	45	29	31	41	33	40	38	0	-21	-29	
4	-18	-73	-81	-21	41	42	36	39	39	39	47	22	-11	-30	-41	
-1	3	-18	-67	-69	2	37	42	46	42	49	47	15	-19	-36	-52	
0	0	3	-5	-48	-56	0	22	28	44	63	44	11	-19	-43	-51	
1	1	-5	-2	2	-20	-25	15	38	64	73	46	5	-22	-52	-51	
2	1	1	1	0	2	-1	9	65	102	97	71	35	-18	-51	-46	
4	1	1	1	1	1	1	-2	15	63	103	71	25	-25	-51	-46	
-1	-3	1	0	0	0	2	5	18	24	46	42	12	-35	-60	-47	
-2	-1	-1	-1	0	0	0	12	21	33	33	18	1	-47	-65	-51	
Number of Zeroes=12
-------------------------------------------

Current block= 64,48 -->Match Position= 63,47

Minimal Error=49312
6	10	11	12	10	9	5	-1	-4	-8	-10	-7	-4	-1	-1	2	
14	16	12	8	3	0	-4	-10	-8	-6	-6	-3	-1	2	-1	0	
24	16	5	1	-3	-7	-7	-5	-3	-3	-3	-2	0	0	-3	-1	
24	19	-1	-8	-10	-8	-6	-5	-3	-4	-3	0	2	0	-1	-2	
22	18	-3	-14	-7	-4	2	-1	-4	-6	-4	-5	-4	-1	0	0	
-3	-4	-15	-7	0	3	6	1	2	3	-5	-7	-8	-7	-3	4	
-13	-22	-11	-1	-1	4	9	10	6	1	-5	-4	0	4	5	8	
-34	-19	-4	0	3	10	17	15	8	8	6	8	4	10	14	10	
-39	-12	-1	3	10	15	13	15	13	15	12	10	15	20	23	16	
-30	-9	-1	3	8	11	14	18	20	17	23	24	20	24	21	17	
-27	-9	2	9	9	10	12	6	2	7	7	5	8	11	8	1	
-31	-5	8	14	18	15	9	3	2	3	3	9	13	8	6	-7	
-30	-5	11	18	18	11	3	3	2	4	16	19	13	6	-2	-9	
-32	-2	16	25	17	7	0	3	11	12	10	-3	-11	-17	3	-17	
-32	5	25	28	15	8	16	16	-5	-18	-28	-27	-12	-7	5	-7	
-31	12	31	29	21	29	26	8	5	13	28	39	45	44	41	38	
Number of Zeroes=12
-------------------------------------------

Current block= 80,48 -->Match Position= 79,48

Minimal Error=36177
-1	-3	-3	-3	-1	3	1	-2	-5	2	4	0	2	2	0	0	
-3	-4	-3	3	6	8	2	-2	-8	-5	6	3	-2	-2	-2	0	
-4	3	6	7	12	7	2	-7	-9	-7	0	4	-3	-6	-1	-1	
9	15	17	9	3	-2	-3	-4	-12	-9	-5	3	-4	-5	-2	0	
27	27	11	-3	-12	-7	-10	-11	-13	-7	-5	-1	-7	-7	0	4	
18	11	-3	-9	-9	-6	-13	-15	-11	-2	-3	-6	-8	-8	-2	3	
13	-3	-15	-20	-14	-10	-11	-10	-10	-9	-7	-5	-3	-6	-5	5	
-6	-17	-14	-9	-13	-12	-5	-3	-7	-7	-2	3	-1	-5	-3	3	
-7	-9	-6	-1	-2	-1	-1	0	-3	-2	2	0	-3	-5	3	2	
11	6	-2	-1	-3	-4	-3	-3	-4	-3	1	3	0	-1	3	5	
2	-11	-14	-13	-9	-8	-9	-10	-9	-7	-5	0	2	2	6	16	
-18	-18	-14	-11	-12	-15	-12	-12	-15	-18	-14	-5	-2	3	16	29	
-6	-14	-11	-7	-10	-17	-21	-19	-18	-21	-18	-10	1	3	25	40	
-6	-8	-5	-13	-14	-11	-14	-20	-19	-20	-19	-13	-1	2	26	46	
8	8	4	-18	-28	-14	-10	-14	-22	-24	-18	-13	-5	1	22	52	
9	2	-6	-14	-19	-16	-15	-18	-25	-21	-21	-12	0	7	14	48	
Number of Zeroes=12
-------------------------------------------

Current block= 96,48 -->Match Position= 95,48

Minimal Error=46597
4	3	-3	-4	-5	-5	-5	-3	5	20	30	13	-4	-3	-8	-5	
5	2	-4	-3	-1	3	0	-2	1	9	18	20	3	-6	-10	-12	
6	3	1	-5	-2	2	3	2	-1	4	10	14	11	8	-7	-10	
6	4	7	0	1	1	6	5	1	1	7	10	5	3	5	-10	
10	10	14	9	6	-3	-1	3	2	0	3	3	0	1	4	4	
14	10	14	12	11	0	-11	-9	1	1	1	-2	-5	-3	-1	8	
10	16	16	14	18	11	-1	-17	-17	-6	1	-2	-4	-6	-3	-1	
8	10	10	17	17	17	6	-9	-17	-18	-7	5	5	-1	-7	-8	
4	5	9	15	17	21	15	7	-6	-15	-16	-4	8	5	-7	-11	
7	4	6	8	13	20	17	12	-2	-5	-9	-10	-5	-2	-4	-10	
14	9	6	3	1	5	11	15	11	-1	-11	-18	-14	-4	-3	-7	
25	14	7	13	18	18	11	1	-3	-6	-11	-17	-12	-7	-5	-13	
33	17	15	23	23	11	4	-13	-21	-18	-11	-4	0	-1	-5	-11	
43	24	21	20	6	-10	-16	-12	-19	-29	-33	-19	-7	1	0	-4	
53	27	18	11	-6	-19	-18	-10	-7	-7	-19	-37	-27	-7	0	0	
54	38	19	13	3	-6	-11	-18	-25	-34	-25	-24	-40	-33	-7	-1	
Number of Zeroes=9
-------------------------------------------

Current block= 112,48 -->Match Position= 111,47

Minimal Error=236348
-13	-18	-18	-7	15	-7	-44	-40	-11	-3	3	2	0	7	-17	-31	
-17	-10	-8	-17	-16	12	-1	-52	-52	-15	-3	0	0	9	-13	-26	
-20	-18	-12	-8	-6	-1	18	-15	-61	-51	-13	-4	2	6	-15	-28	
-19	-23	-19	-12	7	5	5	-9	-56	-65	-35	-9	2	-3	-20	-27	
-11	-17	-19	-16	1	7	3	-9	-47	-61	-54	-18	-5	-17	-24	-27	
1	-10	-14	-19	-9	1	-1	-10	-43	-61	-62	-23	-13	-28	-27	-27	
6	-3	-15	-15	-16	-14	-10	-17	-43	-61	-68	-30	-13	-20	-27	-19	
13	9	-5	-20	-25	-30	-17	-21	-36	-54	-52	-36	-25	-25	-26	-9	
9	14	-3	-26	-26	-35	-17	-26	-32	-50	-46	-50	-37	-26	-21	-1	
-7	12	0	-10	-23	-29	-28	-41	-35	-46	-55	-51	-30	-24	-8	-5	
-12	5	9	-1	-32	-46	-62	-57	-42	-56	-52	-32	-30	-17	1	-2	
-16	-2	0	-9	-54	-75	-72	-55	-57	-49	-32	-17	3	-7	-12	3	
-17	-13	-2	-30	-72	-82	-83	-61	-45	-34	-29	-11	5	-4	-9	-3	
-11	-19	-33	-55	-82	-96	-74	-42	-32	-24	-12	-3	-2	2	11	-4	
-8	-22	-26	-4	-55	-79	-38	-23	-16	-7	-1	-2	-7	-2	-2	-4	
-6	-19	-5	9	25	11	-43	-46	-6	-6	-5	0	-4	-4	-1	7	
Number of Zeroes=6
-------------------------------------------

Current block= 128,48 -->Match Position= 128,49

Minimal Error=5594
-20	1	-1	-1	1	11	-2	-3	4	7	-3	-5	-4	-1	-2	-1	
-16	-2	-1	0	0	3	13	7	4	3	-1	1	-1	-9	-1	2	
-20	-3	-2	4	2	5	-1	15	5	1	2	4	-1	-6	-7	-3	
-17	0	-2	4	0	-4	-3	-7	-5	8	1	-1	-1	0	-5	-3	
-11	1	0	1	-1	-1	1	-1	-2	4	2	0	-3	2	6	2	
-6	-1	-1	-3	2	4	-5	-2	3	2	1	1	3	-1	0	-3	
-1	-1	-1	-2	2	-1	-4	-2	1	0	3	2	7	8	-2	1	
0	-2	3	-1	7	-2	0	-1	3	1	-2	-2	-4	6	13	1	
-7	0	2	-5	-2	-8	2	-3	2	-1	0	0	0	0	5	1	
-8	2	1	0	-1	-1	-1	-4	1	0	1	-1	2	1	1	2	
-1	1	7	2	-4	2	0	-4	1	1	1	-3	17	15	-3	1	
-1	0	5	-4	-1	2	-1	-1	0	2	-2	3	9	-9	-18	-2	
-5	1	5	-6	-1	-1	2	-4	4	0	1	1	-4	-3	0	-4	
-3	3	4	2	-3	-1	-1	-2	-3	-2	3	-3	-2	3	-1	-4	
2	-2	5	8	-12	1	3	-3	1	3	-1	-3	-1	-1	-2	-1	
-1	-1	3	-4	-9	-2	2	-3	2	1	-5	-3	2	-1	1	1	
Number of Zeroes=23
-------------------------------------------

Current block= 144,48 -->Match Position= 144,49

Minimal Error=2909
1	-2	-1	2	-2	-1	5	0	0	2	-1	-1	-1	-3	5	0	
-3	-1	-2	5	-1	0	4	1	1	4	-5	3	1	-1	-1	1	
-3	1	-2	2	-2	-1	5	-4	2	-2	-2	5	0	-3	2	3	
-1	-3	-1	1	-1	1	-2	-4	0	-1	-3	2	-1	-5	5	1	
-4	-3	0	1	0	-1	0	-1	-2	-2	-6	3	-1	-4	2	-2	
-2	-7	-9	0	1	0	0	0	-3	1	-1	0	-2	-1	-1	2	
-6	4	-5	-5	0	1	5	-5	-2	1	2	1	-3	1	0	1	
2	2	1	-1	-4	-1	0	-4	0	1	3	-4	-1	-1	-1	0	
-1	-2	1	-2	-4	-6	-5	3	1	3	-1	0	2	1	1	-1	
9	0	-2	2	1	-1	-2	-2	0	2	-1	2	0	0	-2	0	
-2	1	10	-1	3	0	2	-11	-4	-2	0	0	-1	1	-2	-1	
1	-1	20	10	0	2	3	0	-7	-6	0	-3	-1	0	-2	1	
1	0	-2	5	10	2	0	-1	-4	2	-3	0	3	0	0	2	
5	-1	2	-4	4	7	-2	-5	-4	3	-3	3	-4	1	-2	1	
0	-8	3	1	-1	4	8	2	-2	6	3	-11	-2	-4	-5	-1	
-4	-3	0	2	-3	0	2	9	1	1	0	1	-4	0	0	1	
Number of Zeroes=43
-------------------------------------------

Current block= 160,48 -->Match Position= 159,48

Minimal Error=11634
0	20	6	-5	1	3	-15	-11	5	1	-2	-1	1	2	5	4	
-1	-3	14	6	-8	0	3	-13	-8	1	2	1	1	0	0	12	
-1	1	0	17	16	-8	-1	4	-13	-17	2	-10	-4	2	5	11	
0	0	1	0	13	13	-7	-1	2	-8	-15	4	9	-3	-4	-1	
1	-3	1	1	-3	15	19	-5	0	5	-8	-14	-4	-2	-3	-2	
-1	4	1	0	0	-3	9	21	-3	-1	5	-4	-15	-3	1	2	
-1	0	-1	-1	-2	1	-2	7	21	-5	-5	4	-5	-14	0	6	
0	-1	-1	-6	-1	0	2	-3	8	21	-3	-6	3	-3	-13	2	
-1	1	-2	-1	0	0	-1	1	-1	8	24	2	-5	5	-2	-22	
1	0	-1	1	-1	1	-1	1	2	-1	3	20	7	-8	0	3	
2	-1	-1	-1	1	0	-1	0	2	1	1	1	19	7	-4	6	
-1	1	-2	1	1	1	0	1	0	1	-1	-5	-3	21	8	3	
1	0	-1	0	-1	-1	1	1	1	0	0	4	4	0	19	27	
-1	0	-2	-2	-1	0	-1	1	0	0	-1	0	-2	-3	-2	23	
-1	-3	-2	0	0	-2	-1	1	0	0	2	0	0	2	-1	-1	
0	-1	0	-1	0	-1	0	-2	2	1	-1	0	-1	-1	0	0	
Number of Zeroes=46
-------------------------------------------

Current block= 0,64 -->Match Position= 0,65

Minimal Error=25123
2	-14	-46	-80	-58	4	4	-21	-19	-10	2	7	8	7	6	5	
-2	-18	-18	-26	13	10	-9	-16	2	3	6	4	1	7	6	4	
-1	1	-2	-14	2	21	2	0	11	7	4	9	11	1	1	5	
0	1	1	-9	15	14	-7	-3	1	-1	6	6	11	-5	-2	-2	
0	-1	-6	2	20	3	1	1	3	10	1	-1	6	0	11	6	
0	-1	1	30	10	4	-1	5	1	-2	7	1	2	4	2	14	
3	-1	2	20	-4	4	1	7	-8	-4	28	-15	-2	1	-8	4	
-1	-5	11	21	-3	-3	-1	-6	8	9	-3	-13	-2	0	4	5	
2	-1	15	21	-8	1	0	-1	4	-4	-6	3	3	2	1	3	
-1	0	10	13	-16	3	-5	2	0	7	14	-11	-2	1	1	1	
-1	5	7	1	-2	-1	-3	5	5	2	1	-3	2	-1	2	-4	
3	7	-10	0	2	-3	1	-3	-2	-6	2	1	-3	-3	-2	1	
5	-2	-14	2	1	-1	2	-3	5	3	0	1	4	-4	-6	0	
1	-4	-2	4	1	2	-1	5	-3	-1	-4	0	3	9	6	-2	
2	0	2	0	-3	-2	-3	-2	-5	0	-1	1	-2	7	5	-12	
1	2	-2	0	2	2	-2	-1	1	-2	2	2	1	1	1	-11	
Number of Zeroes=17
-------------------------------------------

Current block= 16,64 -->Match Position= 15,64

Minimal Error=4398
-4	-3	-3	-2	-4	-3	-2	-2	-3	-3	1	-1	-1	-2	-1	-2	
-3	-4	-1	-5	-2	-3	-3	-2	-2	-3	-2	-4	-2	0	0	-2	
-4	-4	-4	-5	-3	-3	-4	-3	-4	-2	0	-1	0	-2	-2	-3	
2	-4	-4	-1	-3	-2	-2	-2	-5	-3	-1	-2	-1	-1	-3	-3	
18	11	-1	-3	-3	-3	-3	-2	-1	-2	-3	-4	-3	-2	-2	-2	
10	10	15	9	1	-4	-3	-5	-4	-5	-4	-1	-1	-4	-1	-2	
6	3	5	9	14	9	0	-4	-3	-3	-2	-1	-2	-2	-3	-2	
2	4	4	6	7	9	11	9	-2	-4	-4	-3	-3	-3	-1	-3	
-5	1	5	3	7	3	6	8	10	5	-1	-5	-4	-2	-1	-2	
2	5	7	0	0	1	1	6	7	7	9	6	-1	-3	-4	-3	
-1	3	4	4	0	2	3	1	6	4	5	3	7	7	-1	-3	
-1	2	0	2	4	0	2	-2	0	0	4	8	5	5	9	6	
3	1	-2	1	4	3	3	1	1	0	2	1	7	7	6	6	
0	-1	1	1	2	6	3	2	0	1	2	1	3	2	4	8	
-1	2	-1	-3	-1	2	-1	0	1	0	1	3	2	-2	-2	3	
3	0	1	0	1	0	3	4	-1	1	2	0	-2	3	3	-1	
Number of Zeroes=21
-------------------------------------------

Current block= 32,64 -->Match Position= 32,65

Minimal Error=1098
3	0	2	1	0	1	2	1	0	0	0	-1	1	0	-3	1	
-2	-2	2	1	2	0	1	1	2	2	1	1	3	0	-2	2	
1	4	2	1	3	2	1	1	2	1	0	2	2	1	1	0	
4	5	4	1	4	3	0	0	2	1	2	5	2	2	0	-3	
3	1	2	1	2	1	0	3	2	3	0	0	1	1	0	2	
4	3	1	0	2	3	-1	-1	-1	0	1	-1	0	-1	-2	-1	
2	-2	-1	3	1	2	2	5	4	3	-2	-2	2	0	1	3	
2	2	2	1	0	3	4	4	1	0	1	3	1	-1	2	1	
0	0	2	2	3	1	1	2	-1	1	-1	2	-2	-1	0	1	
3	3	3	2	1	0	2	0	1	0	1	0	1	0	0	5	
3	3	3	1	2	3	3	1	2	2	1	1	0	1	2	2	
0	0	2	2	-1	1	1	0	1	2	2	1	-3	3	3	1	
0	-3	1	3	2	0	2	3	3	2	1	1	0	1	0	3	
-2	-6	-3	-4	2	3	1	2	4	1	0	4	2	1	4	4	
0	-2	-2	-1	-2	-4	0	3	4	1	0	1	1	-1	2	1	
-2	-3	-2	-3	-1	0	-3	-4	-1	2	3	1	0	2	1	-1	
Number of Zeroes=46
-------------------------------------------

Current block= 48,64 -->Match Position= 47,65

Minimal Error=104589
-1	1	2	0	0	2	-3	-16	0	23	31	11	-10	-54	-61	-53	
0	-1	-2	1	2	-1	-18	-23	-18	7	21	10	-12	-56	-60	-53	
1	-1	-2	-1	1	-6	-10	5	-8	-11	16	38	3	-60	-63	-54	
-1	1	2	0	3	-7	-6	6	0	-9	6	21	5	-43	-52	-51	
2	3	2	1	3	-9	-3	5	-4	-8	-15	-17	-13	-25	-37	-46	
-2	-2	2	2	0	-12	-6	2	-9	-9	-15	-21	-21	-23	-28	-28	
3	2	-1	0	1	-14	-3	1	-14	-13	-27	-27	-16	-21	-22	-16	
3	1	1	3	3	-11	-5	2	-17	-20	-31	-8	-10	-19	-20	-14	
2	1	1	0	3	-7	-10	-4	-27	-16	-15	25	1	-9	-16	-14	
1	0	1	-1	1	-5	-18	-13	-33	-4	6	29	11	-3	-34	-25	
0	1	2	2	-1	0	-16	-19	-36	0	16	18	-3	-17	-61	-43	
4	5	3	4	0	2	-5	-25	-37	-2	21	9	-7	-31	-60	-30	
2	2	3	0	1	3	-2	-25	-33	-15	19	5	-9	-36	-49	-11	
7	4	0	0	-2	0	-2	-26	-35	-30	6	8	-11	-38	-37	-10	
6	5	3	0	-2	-3	0	-17	-40	-42	-29	2	3	-31	-26	-9	
4	5	2	1	2	0	0	-9	-33	-33	-38	-7	12	-3	-12	-14	
Number of Zeroes=22
-------------------------------------------

Current block= 64,64 -->Match Position= 63,65

Minimal Error=41503
-30	5	13	9	3	-4	-7	-4	-2	4	9	14	16	17	18	15	
-29	2	6	3	1	5	10	10	7	5	9	9	10	9	5	1	
-24	1	1	1	3	4	5	4	4	0	-1	-3	-5	-5	-4	-4	
-16	2	1	1	4	1	2	2	3	5	8	3	1	0	0	-2	
-8	0	-3	3	1	1	3	0	2	4	5	3	6	7	2	-2	
-3	-4	1	4	-1	1	3	1	2	4	6	10	10	10	4	-2	
-1	-4	-2	-1	1	-1	-1	2	2	5	10	13	15	16	11	4	
-6	-5	-5	-2	0	1	0	1	6	10	12	16	15	16	13	8	
-3	-6	-3	0	-1	1	2	4	7	10	15	16	17	18	11	9	
-5	-7	-2	0	1	3	5	10	10	13	17	17	19	17	15	12	
-10	-6	0	-2	4	4	7	10	11	11	15	15	20	20	21	15	
-11	-2	2	3	7	9	13	16	16	13	15	21	28	30	23	12	
-13	2	12	15	14	19	25	23	17	15	20	27	34	23	5	-9	
-14	6	22	21	19	24	31	31	24	19	23	25	14	-1	-13	-18	
-11	5	19	16	14	23	34	37	30	24	22	15	-4	-14	-12	-2	
-4	-2	5	6	10	21	25	29	28	24	14	4	-12	-13	-5	2	
Number of Zeroes=10
-------------------------------------------

Current block= 80,64 -->Match Position= 79,64

Minimal Error=66230
13	9	2	-2	-9	-20	-21	-18	-18	-20	-16	-8	-1	7	11	37	
5	2	-6	-14	-18	-16	-10	-11	-17	-16	-10	-5	-3	4	11	26	
3	-7	-15	-16	-12	-4	-8	-9	-11	-6	-4	-5	-4	2	11	19	
2	-6	-10	-5	-1	-2	-7	-8	-3	3	-1	-6	-5	1	9	18	
3	-2	-4	-3	-1	-4	-4	-4	6	6	-3	-10	-8	-3	10	20	
4	3	2	2	0	-3	-4	3	8	4	-4	-9	-8	-1	10	23	
2	7	6	2	1	-1	-1	1	4	0	-3	-6	-12	8	35	42	
2	2	2	2	3	3	2	0	-6	-8	-12	-20	-17	12	46	57	
3	1	0	1	1	2	1	1	-6	-23	-37	-28	-14	8	27	46	
5	2	1	-1	-2	-1	1	-1	-16	-31	-20	-15	-8	8	21	28	
5	1	-4	-15	-13	0	5	-7	-15	-5	-6	-12	-1	10	16	15	
2	-5	-14	-16	-10	-2	-7	-14	-4	3	-5	-4	5	8	9	9	
-9	-5	-4	1	12	2	-26	-42	-21	-14	-17	-6	4	6	8	11	
-4	9	16	21	37	47	-4	-64	-55	-24	-27	-16	4	5	3	16	
2	5	20	31	29	30	33	-5	-54	-53	-25	-9	-1	-2	0	13	
4	3	8	20	28	25	20	19	7	-33	-38	-5	2	-1	-2	24	
Number of Zeroes=6
-------------------------------------------

Current block= 96,64 -->Match Position= 95,64

Minimal Error=77556
53	41	21	13	0	-5	-2	-1	32	-10	-24	-33	-19	-34	-24	-4	
44	46	25	10	-2	-16	-23	-18	-10	-6	1	-7	-11	-15	-33	-20	
35	34	30	18	3	-7	-16	-16	-8	-3	-2	8	4	0	-17	-35	
26	25	21	20	16	-1	-8	-11	-4	4	4	3	4	5	-1	-23	
20	24	17	8	15	11	-3	-9	-10	-10	-10	-13	-18	-21	-23	-24	
18	15	15	10	4	7	3	-4	-7	-8	-8	-11	-13	-18	-20	-18	
27	13	10	12	9	1	1	1	-7	-10	-11	-17	-17	-14	-11	-13	
49	26	9	8	9	6	-1	-3	-3	-9	-11	-13	-14	-9	-4	-6	
56	43	14	3	6	2	0	-6	-3	-7	-10	-7	-9	-4	1	-1	
50	46	23	5	6	-3	-5	-5	-5	-7	-10	-5	-4	-1	1	2	
32	39	26	15	8	-2	-4	-6	-4	-3	-6	-6	-2	-1	0	3	
17	24	18	21	22	7	-5	-9	-8	-6	-3	-3	-6	-1	1	2	
14	10	8	28	41	28	1	-13	-14	-8	-4	5	0	1	2	2	
18	14	16	15	24	30	2	-19	-19	-10	-3	0	0	-4	-3	0	
35	44	14	-28	-14	13	3	-20	-22	-13	-4	0	-1	-3	-2	0	
52	18	-33	-42	-27	-2	8	-4	-17	-14	-5	0	-2	-5	-4	1	
Number of Zeroes=11
-------------------------------------------

Current block= 112,64 -->Match Position= 111,64

Minimal Error=38671
-6	-13	4	-1	9	10	1	-8	-27	-13	0	-2	1	1	-1	0	
-9	-12	8	17	3	-5	3	2	1	-18	-20	-4	0	-1	0	0	
-31	-10	9	21	15	-3	-9	-1	7	3	-10	-26	-11	0	-1	-1	
-41	-15	11	22	10	5	1	-8	-3	4	4	-2	-23	-20	0	1	
-35	-20	1	17	7	2	2	5	-6	-5	3	5	4	-12	-26	-10	
-21	-12	11	18	6	0	1	0	1	0	-6	-2	5	3	-4	-22	
-15	-6	10	29	8	3	3	1	-2	-2	-1	-4	-4	0	2	2	
-14	9	20	33	20	5	2	-1	2	2	-1	0	-7	-8	-3	4	
-11	16	24	30	26	16	1	0	0	1	0	1	-1	-2	-4	-5	
-7	18	26	34	4	15	1	0	1	0	2	-1	0	-2	-4	-6	
-6	19	30	33	-7	7	-2	-2	-3	-3	1	4	1	-2	-2	-2	
-4	20	26	36	-12	6	2	1	-1	2	3	1	1	4	2	-1	
-4	26	26	36	-4	7	0	-2	-2	3	2	1	2	0	0	2	
-1	30	25	34	-2	10	2	3	3	0	0	-1	-3	-2	1	1	
4	29	25	27	-4	15	2	1	-1	2	1	0	1	1	1	0	
4	17	30	33	1	16	0	2	0	-1	0	1	1	1	0	2	
Number of Zeroes=29
-------------------------------------------

Current block= 128,64 -->Match Position= 128,65

Minimal Error=4209
1	4	4	-1	4	7	3	1	1	1	-2	-1	2	0	4	1	
2	0	0	0	8	4	0	-1	-2	-1	6	-1	0	-1	0	1	
0	-1	1	1	-5	-10	0	-2	0	10	3	-5	0	-2	5	5	
-3	1	1	3	-4	-3	2	12	2	1	1	-1	-1	-1	2	-5	
-1	2	2	1	12	2	-3	2	-12	13	-1	-5	0	-2	3	0	
-8	0	7	1	1	-8	-5	-3	3	1	-10	3	3	-2	0	-1	
3	0	4	-8	0	2	-1	-3	6	-5	2	4	0	0	0	4	
5	-2	4	1	-1	1	0	0	0	2	1	1	0	-1	1	-2	
-3	-1	2	1	-2	0	3	-1	0	3	-1	-3	7	5	-7	0	
-1	-3	2	1	0	-1	1	1	0	-1	-1	1	2	14	15	-8	
0	-6	5	4	1	-1	1	2	-2	1	0	0	12	-1	-11	-23	
-4	-1	-3	1	-3	-2	-1	-4	-1	0	1	2	0	-6	-5	5	
-2	-6	1	2	-5	-6	-4	-1	7	1	-1	1	2	0	4	5	
2	4	3	1	-3	2	2	2	4	-2	-1	-1	-1	-6	0	-2	
1	0	-1	-6	1	4	5	3	7	1	-4	-2	2	1	-2	0	
0	0	2	1	4	2	-1	3	2	0	-2	3	3	-2	1	2	
Number of Zeroes=41
-------------------------------------------

Current block= 144,64 -->Match Position= 144,65

Minimal Error=2370
2	0	-1	0	0	1	2	1	-4	-6	5	-1	2	8	-3	-14	
1	-1	2	2	1	2	1	-2	2	1	10	0	0	3	3	13	
-4	-2	0	2	0	4	3	-1	0	0	1	4	3	-1	-1	1	
-1	-2	0	0	0	0	0	-2	0	1	3	2	8	0	-4	-2	
0	0	2	3	0	4	1	1	3	4	0	-1	-2	2	13	-2	
0	1	2	1	-1	2	3	-1	3	0	-1	-1	0	-1	6	7	
-3	0	0	1	0	-1	1	0	-1	1	0	-1	3	1	-2	4	
0	0	-1	-2	-2	-2	-1	2	-1	4	1	0	2	1	0	-3	
1	3	2	-1	-1	3	-1	-2	1	1	-1	-2	-2	0	1	-2	
3	3	0	-3	-1	-2	-1	-1	3	-3	0	1	-3	-2	2	1	
1	3	2	-4	0	-3	0	1	-2	0	1	-1	0	-3	6	3	
9	-1	4	-4	-2	-3	1	1	-1	1	2	0	0	-1	4	-3	
-8	-2	1	-5	0	9	-3	4	0	1	6	0	0	1	4	-1	
-1	6	0	-2	0	2	-12	1	1	2	4	-2	0	3	-1	-2	
-1	1	0	-2	-1	-2	-1	1	1	-1	0	2	1	-1	0	0	
-1	0	5	-4	-3	-1	0	1	0	2	4	1	-2	8	6	-2	
Number of Zeroes=55
-------------------------------------------

Current block= 160,64 -->Match Position= 160,65

Minimal Error=4418
4	1	-3	0	1	0	0	1	-1	2	2	0	2	6	-2	-9	
5	13	-3	0	-2	0	1	0	-1	-2	-2	1	0	1	-5	-2	
-3	-10	-22	-2	-2	-1	-1	0	1	-2	-1	2	-1	-2	-2	2	
1	-8	7	1	-4	0	0	1	1	0	-1	2	2	-1	1	3	
1	4	0	-11	-9	0	2	-2	-1	-2	-3	3	1	0	4	3	
-4	0	-1	3	1	-2	4	-3	-1	1	-1	0	0	1	3	0	
4	-2	0	-1	1	-2	-1	-5	-5	0	0	1	2	2	5	-1	
-3	5	3	0	3	1	1	-7	-2	2	2	-4	1	-2	0	-2	
-1	0	4	8	-4	1	1	-1	-5	-8	2	-2	4	11	5	1	
2	-1	4	9	0	6	1	-1	0	-5	-1	-3	1	16	-18	-2	
-1	2	1	0	-3	-2	-2	-8	-2	1	-4	-5	-2	1	-4	-2	
-4	2	-1	1	2	-3	6	0	4	4	3	-4	-5	8	-4	-11	
0	1	0	-1	1	-3	1	3	-1	4	0	-1	-6	-14	-6	-1	
0	1	1	0	1	-1	2	1	-1	3	-3	-2	-3	7	2	-8	
3	1	11	0	-1	2	1	-1	2	-1	-5	-2	-4	5	1	-5	
9	-3	-3	-8	1	3	0	0	2	1	0	6	7	5	-5	-2	
Number of Zeroes=38
-------------------------------------------

Current block= 0,80 -->Match Position= 0,81

Minimal Error=3643
1	-1	-4	-1	-2	-2	0	3	2	1	8	6	-4	-1	2	1	
0	2	-1	2	-1	0	2	0	4	0	1	-3	-6	1	4	3	
0	1	-2	0	2	13	1	3	1	3	4	-1	2	3	-3	-3	
1	-1	3	-1	-2	-1	-6	2	0	7	2	-5	0	0	0	3	
0	2	3	-5	4	10	-2	3	0	-1	-1	-3	-3	2	3	7	
3	-1	-1	-1	5	-2	-9	2	0	-2	1	1	-2	-1	2	1	
2	-1	-2	2	-2	-1	2	-1	5	1	2	0	0	3	1	-4	
0	1	-1	-1	0	0	3	3	6	2	-6	2	0	3	-1	-2	
1	1	1	1	1	-2	3	0	-6	14	-8	0	-1	0	1	0	
1	-1	1	0	0	2	2	0	2	1	-8	9	3	3	0	-1	
0	-1	4	3	2	3	0	2	2	0	3	25	-8	-6	-1	2	
-1	-1	-3	0	1	-2	0	2	3	1	6	11	-13	-8	4	2	
-2	-2	0	1	4	1	2	5	1	0	6	0	-5	-2	0	-2	
1	2	4	5	9	-2	3	6	-7	2	0	-2	2	1	2	3	
0	2	5	-3	9	-4	1	1	-6	2	0	0	3	0	-2	2	
2	-1	-4	2	1	-4	-3	1	-5	5	0	3	-3	1	2	-1	
Number of Zeroes=43
-------------------------------------------

Current block= 16,80 -->Match Position= 15,80

Minimal Error=1380
1	-2	-3	-1	4	-2	1	3	0	1	-3	-1	-1	-1	1	1	
-4	-2	0	3	1	0	1	-1	3	1	3	4	1	2	3	-2	
3	3	-1	-1	0	-4	-2	3	3	2	-1	3	-1	1	2	2	
1	1	2	1	-2	-3	4	1	0	4	-2	0	2	1	1	2	
-3	2	1	-1	2	3	1	3	-5	0	8	2	2	1	-1	3	
0	-3	-4	-2	0	-1	2	2	2	5	2	2	0	2	-2	1	
2	4	2	6	2	-2	-2	0	0	0	5	6	2	-1	-3	0	
1	2	5	2	0	5	3	1	0	0	1	1	2	0	6	3	
-1	-2	-2	0	-1	2	2	4	1	-4	-1	-2	-1	-3	0	0	
0	-2	0	1	-2	-4	-1	1	1	3	5	0	2	9	3	1	
-2	-1	1	2	1	2	1	0	-4	-1	-1	-1	4	6	7	2	
0	1	0	2	0	1	2	-2	-1	0	3	0	3	1	3	5	
5	0	0	1	2	0	0	-1	1	-1	-2	-2	1	2	2	3	
3	0	0	1	0	-1	-1	0	1	2	3	0	0	-1	-1	1	
2	0	-1	-1	-1	2	2	-1	0	0	1	1	1	0	1	2	
2	-1	0	3	2	-1	2	0	0	-1	-5	-2	0	-1	0	-1	
Number of Zeroes=49
-------------------------------------------

Current block= 32,80 -->Match Position= 31,80

Minimal Error=1940
3	3	2	0	4	7	4	6	7	4	-3	-5	-4	-4	-1	1	
0	2	0	1	-4	-1	3	6	3	4	5	2	-1	-2	-5	-5	
1	3	-2	-1	-4	5	-1	2	6	6	0	2	7	7	-1	-3	
3	1	1	0	1	4	1	-1	-1	-1	5	5	4	3	6	6	
2	0	-1	4	5	-1	4	3	3	2	3	2	4	4	3	2	
1	0	1	1	1	1	1	2	5	1	1	-4	2	2	4	6	
-3	1	1	1	2	-1	2	0	0	-1	0	5	0	1	1	2	
3	2	-1	0	2	0	1	1	1	1	1	3	1	1	2	1	
0	0	1	1	2	0	1	0	0	1	1	2	1	4	-1	-2	
-1	-1	-1	-1	1	0	1	-6	2	-3	3	2	1	2	1	-1	
0	0	3	-1	1	-2	-1	4	2	5	4	0	-1	1	0	-1	
1	-3	-7	-4	0	-1	-1	1	1	3	1	0	1	0	1	1	
0	0	3	6	4	4	4	2	-7	1	1	0	2	0	1	1	
6	2	5	5	2	2	2	-4	4	2	-1	1	0	2	-1	0	
6	4	3	2	1	2	0	2	6	0	2	2	2	1	-1	-1	
-3	2	0	-1	1	0	0	0	2	1	1	0	-1	-2	0	1	
Number of Zeroes=40
-------------------------------------------

Current block= 48,80 -->Match Position= 47,81

Minimal Error=157071
5	8	7	3	2	1	1	-2	-28	-30	-45	-19	-6	15	2	-21	
9	6	4	2	2	2	-2	-3	-27	-54	-52	-23	-8	11	12	-4	
6	6	5	5	5	2	-9	-8	-15	-58	-60	-32	-2	2	9	-4	
-9	1	5	3	3	-1	-9	-14	-4	-44	-62	-50	-9	2	10	-7	
-8	-14	-13	-10	-3	-16	-20	-18	-10	-16	-52	-56	-16	17	30	9	
-9	-7	-11	-34	-24	-25	-25	-23	-14	-1	-27	-50	-31	26	48	15	
-3	-4	-9	-18	-30	-31	-16	-24	-19	1	5	-12	-23	15	42	8	
-3	-4	-7	-12	-22	-32	-16	-9	-16	-6	8	19	15	-9	4	-6	
-4	-7	-10	-8	-9	-14	-12	0	6	6	12	20	16	-27	-46	-54	
-2	-5	-9	-7	-7	-4	-3	-5	5	12	19	17	18	-26	-68	-72	
-2	-2	-9	-14	-9	-7	-2	-2	1	1	8	11	12	-23	-77	-80	
-5	-8	-9	-14	-8	-3	2	8	11	10	11	11	15	-15	-80	-84	
-2	-5	-5	-6	-1	2	8	12	17	15	12	19	21	-6	-71	-79	
-1	-3	-5	-6	1	3	7	5	8	8	6	8	15	-2	-73	-80	
1	-8	-6	-5	-2	3	3	2	6	6	9	11	10	-10	-71	-76	
-5	-4	-9	-6	-3	-1	1	1	1	1	4	5	0	-38	-70	-79	
Number of Zeroes=2
-------------------------------------------

Current block= 64,80 -->Match Position= 63,81

Minimal Error=80196
-5	-7	-6	-2	9	22	24	27	29	21	4	-8	-11	-3	-2	0	
-2	-2	-6	-4	7	20	23	20	20	15	-1	-12	-6	-1	-1	0	
-9	-1	-6	-12	1	15	19	14	13	5	-6	-10	-4	-1	0	-1	
-4	1	-4	-10	-6	13	17	10	9	7	-1	-8	2	-1	0	1	
7	0	-1	-8	-8	5	9	10	10	8	4	-2	8	4	3	6	
-3	-14	-2	-6	-9	-6	0	13	15	17	11	15	17	12	8	11	
-23	-42	-3	-1	-9	-7	-7	4	16	22	22	28	36	30	25	29	
-37	-58	-11	7	-3	-9	-10	-6	7	24	36	40	47	51	47	50	
-50	-47	-18	6	-2	-13	-14	-14	-1	22	38	44	39	47	42	23	
-49	-37	-22	3	-1	-8	-7	-7	-1	16	36	37	23	11	11	-10	
-45	-25	-19	1	4	-4	3	-1	-2	8	24	30	17	6	8	21	
-43	-10	-21	-4	11	1	-1	4	-1	3	10	13	2	-7	-8	8	
-45	2	-13	-12	13	11	-2	4	3	3	7	2	-5	-9	-2	3	
-45	11	-3	-14	4	15	-2	-1	5	6	5	-3	-6	-6	2	2	
-44	14	6	-12	-3	17	5	-6	2	2	3	1	-1	1	3	9	
-40	18	13	-7	-9	8	11	-5	-4	-1	3	10	3	-3	-4	5	
Number of Zeroes=6
-------------------------------------------

Current block= 80,80 -->Match Position= 79,80

Minimal Error=49419
6	6	6	9	15	15	12	12	16	4	-10	0	5	2	11	24	
5	7	8	7	7	11	12	11	10	7	7	4	1	10	13	-7	
4	4	8	8	6	10	16	16	14	13	10	1	1	4	-6	-15	
3	4	9	10	9	13	21	30	24	14	5	1	-1	-8	-13	-13	
3	4	8	7	14	24	42	60	55	30	11	-2	-12	-14	-11	-11	
6	12	14	13	25	24	22	21	28	27	16	7	-2	-6	-7	-7	
19	31	19	4	4	6	14	19	17	7	0	3	6	6	-3	-6	
26	21	5	-11	-14	-8	-1	7	18	22	14	3	3	-2	-2	-1	
24	2	-14	0	8	4	11	9	8	11	7	-1	-4	0	7	1	
11	-12	-19	-6	6	10	15	30	37	47	41	15	7	0	2	6	
23	8	-6	-8	-1	-11	-19	-7	0	29	29	17	31	19	4	-2	
13	8	7	-1	1	-3	-12	-13	-11	-12	0	13	24	30	22	4	
16	12	6	6	7	6	-2	-4	3	4	5	6	6	10	6	5	
8	13	11	12	9	4	0	5	-4	1	7	8	3	1	1	-2	
0	10	13	16	20	18	15	9	2	-1	2	1	1	1	0	-4	
4	1	6	11	12	10	19	17	8	3	0	0	0	-2	-5	-8	
Number of Zeroes=13
-------------------------------------------

Current block= 96,80 -->Match Position= 95,80

Minimal Error=55390
7	-16	-27	-30	-25	-13	6	10	-5	-12	-8	-2	-2	-3	-2	0	
-21	-14	-12	-15	-14	-9	1	13	5	-7	-11	-8	-4	-2	-4	0	
-12	-9	-9	-9	-9	-6	0	9	10	0	-6	-4	-2	-2	-4	2	
-9	-8	-8	-9	-8	-3	2	3	8	9	1	-2	-3	-6	-4	6	
-9	-8	-8	-6	-6	-2	4	2	6	11	8	3	-6	-11	-6	3	
-9	-8	-6	2	12	6	1	3	6	9	10	6	-8	-17	-2	0	
-6	-9	-7	12	31	29	8	-1	5	9	9	8	-7	-13	-1	5	
-7	-22	-11	14	29	27	11	-6	5	8	9	8	-5	-9	-1	8	
-3	-3	0	5	1	-5	-8	5	11	6	6	7	1	-1	4	15	
4	-1	-6	-11	-26	-27	-5	8	9	16	13	6	1	0	12	32	
-5	-9	28	23	-15	-18	-5	-8	1	14	19	9	3	1	28	43	
-4	2	19	54	63	8	-29	-27	-8	9	13	10	3	3	29	40	
0	-6	2	8	18	27	1	-11	-2	1	6	16	8	6	30	40	
1	-4	-1	-2	-12	2	24	29	17	5	9	22	13	8	34	36	
-3	-9	-9	-10	-15	-12	3	15	16	15	22	23	10	9	35	42	
-7	-10	-13	-10	-9	-12	-1	10	14	21	23	14	5	13	43	41	
Number of Zeroes=8
-------------------------------------------

Current block= 112,80 -->Match Position= 111,80

Minimal Error=51663
4	17	38	31	14	16	-1	1	1	0	1	1	-1	-3	-1	-1	
0	17	38	26	23	11	0	-2	2	1	1	2	1	1	-1	0	
7	28	38	24	19	4	1	2	4	2	0	0	1	0	0	-1	
14	36	26	27	11	-2	1	1	-1	-4	0	-1	-3	-2	2	-1	
16	34	29	30	10	3	3	1	-5	-6	1	1	1	0	0	2	
25	41	47	27	6	3	2	0	1	8	7	-1	-1	0	1	1	
42	50	59	26	3	3	1	1	1	0	-2	-1	-1	-2	-2	-1	
41	47	49	16	2	1	-5	-7	-7	-7	-6	-7	-6	-4	-2	3	
43	46	33	3	-1	-6	-3	4	2	2	1	-1	0	-2	2	-4	
41	45	24	-2	1	5	4	-1	2	2	1	3	3	5	3	0	
39	32	14	0	1	2	1	2	2	-2	2	0	-1	0	1	1	
33	15	4	3	1	4	-1	0	3	0	1	-1	0	2	0	-1	
27	1	0	1	0	1	1	0	-1	-2	0	2	0	-1	1	-1	
16	0	1	1	1	0	3	4	2	1	0	-2	1	0	0	-1	
13	1	0	1	0	3	3	1	1	1	1	0	5	3	1	1	
7	2	2	1	1	0	-1	2	0	0	0	0	-2	-1	2	2	
Number of Zeroes=41
-------------------------------------------

Current block= 128,80 -->Match Position= 127,80

Minimal Error=2629
0	-2	1	1	-1	-1	2	-2	-1	-1	-7	-1	4	3	-9	-24	
-1	-2	-1	0	2	2	1	0	0	0	-1	-7	-4	3	4	-1	
0	1	0	1	1	-1	1	3	1	1	3	-2	-6	-5	0	4	
-1	2	3	2	1	0	-1	-1	0	2	0	1	3	-3	-8	-1	
2	0	1	-1	0	0	0	0	3	3	0	2	0	3	3	-5	
1	1	1	1	1	-2	0	0	1	0	-1	-2	0	1	0	1	
1	1	1	1	-1	0	1	2	2	-1	0	-1	-1	1	2	-1	
-1	-3	-4	-3	-3	1	0	-1	0	1	2	2	1	0	1	1	
-3	-7	-9	-6	-7	2	-1	0	0	-1	-1	-1	-1	0	1	2	
-4	-2	2	-1	4	4	-1	2	0	2	1	0	0	0	2	-1	
4	3	1	6	8	-2	-3	-3	-6	-7	-7	-7	-7	-6	-4	-2	
1	3	5	5	-1	-6	-7	-5	-2	1	3	-1	-3	-3	1	-2	
3	6	3	-2	-6	-6	-2	0	-2	0	-1	-1	0	3	-2	-5	
4	2	-1	-3	-1	2	2	-1	-2	1	0	0	4	6	-5	0	
3	-1	-3	0	1	-1	0	1	0	2	1	1	4	6	-1	-1	
-3	-3	-1	1	-1	-1	0	-1	0	2	-1	4	3	1	2	0	
Number of Zeroes=47
-------------------------------------------

Current block= 144,80 -->Match Position= 144,81

Minimal Error=2456
0	3	4	-2	-3	2	2	0	13	1	3	0	-3	10	-11	-2	
0	2	2	-1	-4	0	3	1	1	-5	1	3	-2	0	1	0	
-1	5	0	-2	-7	-2	2	1	-2	3	0	1	-3	1	5	0	
1	0	-2	3	-2	0	0	1	1	2	0	5	1	-1	1	-6	
0	-2	-1	1	-1	-1	1	0	0	2	7	3	0	-1	-3	3	
0	3	2	1	-3	-1	3	2	-1	2	7	-2	-1	-2	-1	0	
4	3	3	1	4	3	1	0	2	1	0	-1	1	2	4	0	
1	0	-1	1	0	4	-1	-1	3	0	2	2	2	2	0	3	
1	-1	0	0	0	-2	0	-3	-1	-2	4	3	0	1	-3	1	
-3	1	0	0	0	-5	3	-4	-1	-1	1	2	1	-3	-3	3	
0	2	-2	0	3	-1	-2	0	0	-1	-1	-2	0	-1	4	1	
4	-6	1	6	1	-2	-3	1	0	-1	2	1	-4	-4	3	9	
-3	-5	-5	-3	-3	0	2	5	1	-1	0	-3	-6	-8	1	4	
-4	-12	-5	-2	2	2	0	-1	-2	-1	0	-6	-1	1	4	7	
-4	-4	-2	1	4	0	1	1	2	0	5	-2	-2	7	5	-1	
0	-2	-13	-4	-2	0	2	0	-1	0	-1	-3	2	5	-2	1	
Number of Zeroes=51
-------------------------------------------

Current block= 160,80 -->Match Position= 160,81

Minimal Error=1940
0	-6	-2	0	1	0	-1	-1	0	0	0	-2	-1	8	1	-1	
0	-2	0	-2	0	2	6	-2	0	3	0	-3	-2	9	9	0	
-2	1	-1	0	1	1	-3	-3	4	1	0	-3	-1	3	-6	7	
0	-1	-2	-1	1	-1	0	12	-4	-1	1	3	3	-1	-1	8	
1	-1	-1	-1	-1	0	4	2	-8	2	1	1	-1	0	5	3	
-1	-3	-1	0	-1	0	5	-3	0	2	3	4	1	0	0	0	
1	4	2	-4	-2	1	-2	-1	-3	2	1	5	-2	0	-1	0	
-3	0	-4	-1	2	4	1	3	-2	2	0	-1	4	0	-1	0	
-2	-1	-3	1	-2	-1	-5	3	2	4	2	0	3	-3	-1	1	
0	-1	-1	-3	-1	0	0	4	1	-2	-2	-1	0	1	-1	-4	
3	1	0	-2	2	2	1	1	-3	-2	1	2	0	-1	-2	-2	
0	1	-1	-3	3	2	3	1	-4	-1	-1	0	-1	-1	0	-1	
5	4	0	-1	0	0	1	0	-3	3	1	0	4	5	2	-2	
-1	1	5	1	5	2	3	2	-1	2	7	2	5	3	-5	-5	
-1	0	-2	5	1	-5	1	1	0	-3	4	-6	0	0	0	0	
5	2	-5	-2	5	1	5	2	-1	0	1	0	-3	0	0	-1	
Number of Zeroes=55
-------------------------------------------

Current block= 0,96 -->Match Position= 0,97

Minimal Error=3148
0	0	1	8	-3	1	1	-1	1	2	-3	-2	-5	6	3	-5	
-1	-2	-1	-4	-3	3	0	5	1	-1	3	1	2	3	-6	-2	
2	-1	0	-3	6	6	-9	5	-2	4	1	-2	-2	-1	-1	3	
1	2	2	-2	3	0	2	6	-6	-2	-1	2	-2	1	2	-4	
2	1	-3	-1	-1	2	8	-15	0	0	3	1	-2	6	1	2	
-2	1	-2	1	3	0	-1	0	2	-3	3	3	-1	3	-2	3	
-2	1	-3	5	7	0	1	-1	-2	3	1	-1	3	0	2	5	
3	1	8	4	-3	-3	-5	-3	8	0	-3	1	2	0	1	0	
4	1	0	-3	-11	-1	1	10	3	-10	-2	3	0	3	3	0	
3	-6	-8	2	1	2	1	-1	-6	-5	-1	4	1	11	-1	-5	
0	-6	-13	0	2	2	5	-6	-4	0	1	3	-1	0	-2	0	
1	0	-2	0	1	2	-5	-4	-2	2	1	0	0	1	3	-1	
1	3	2	0	2	2	-3	0	0	1	1	1	1	1	1	1	
0	2	-3	-5	-2	0	-4	-2	0	7	1	3	-1	2	8	-4	
1	0	1	6	1	0	-1	1	3	3	-2	0	3	9	-9	-1	
0	2	2	5	1	0	2	-1	5	1	1	0	2	3	-2	3	
Number of Zeroes=38
-------------------------------------------

Current block= 16,96 -->Match Position= 15,96

Minimal Error=1318
1	-4	1	-2	0	0	0	-1	0	0	-4	-4	-1	0	-1	1	
0	-5	2	4	2	-3	3	0	5	-2	5	5	2	-3	-1	1	
1	6	2	1	0	3	0	0	-2	1	4	-2	0	1	1	2	
1	1	2	3	1	0	1	1	1	0	-7	3	1	0	2	0	
-2	-2	0	1	-1	-1	2	-1	-1	2	6	4	-4	0	1	1	
0	-1	1	1	-13	-5	0	0	2	0	-2	-1	2	3	1	1	
-1	-1	1	0	8	13	1	2	1	1	-1	1	4	2	-2	-1	
1	-1	-1	2	-2	-1	-1	0	1	0	1	-1	-1	0	2	1	
1	-1	0	1	-1	0	-1	0	0	2	-2	-1	1	0	2	-1	
1	1	3	1	0	-3	-2	1	-1	0	1	3	1	0	0	-3	
0	2	1	-1	-3	2	0	-2	0	1	1	1	2	1	1	1	
1	-1	-1	0	2	3	1	-1	1	0	0	1	1	-1	1	-2	
-1	-1	-1	1	0	1	-1	1	1	4	1	-1	1	0	1	1	
0	0	0	1	-1	0	0	0	0	2	2	1	0	2	1	0	
4	1	2	2	1	-1	1	-2	1	-3	-2	-6	-3	2	0	-1	
0	0	1	1	1	2	0	1	2	2	1	6	4	1	0	0	
Number of Zeroes=58
-------------------------------------------

Current block= 32,96 -->Match Position= 31,96

Minimal Error=1126
0	-3	1	0	2	1	0	-1	1	-2	-2	-2	1	0	-1	-3	
-2	0	-2	4	1	3	0	1	0	-4	-1	4	1	2	-4	-3	
2	3	2	10	1	0	1	0	1	2	6	5	1	-1	0	3	
1	1	1	3	2	-1	-1	1	0	0	1	1	0	1	-2	-1	
-2	-3	1	0	5	2	0	-1	-2	-1	0	1	1	2	3	2	
0	-3	-3	-1	0	3	1	1	1	2	2	1	1	1	-1	0	
-3	1	0	2	2	3	3	2	1	-1	2	0	0	0	1	0	
-2	1	3	2	1	0	2	3	0	1	1	0	0	-1	-2	2	
-1	1	0	-3	2	2	0	3	1	2	3	1	0	3	2	1	
-1	-2	-4	0	1	0	0	4	5	0	0	1	2	4	1	1	
1	2	-2	3	0	0	-1	1	3	2	1	1	2	1	1	2	
-4	2	4	5	-3	-1	0	-2	-2	2	-2	-1	2	1	0	-1	
1	5	0	-2	2	1	-1	2	3	3	4	1	0	-1	2	3	
2	2	0	-1	-5	3	0	1	0	2	3	1	0	-1	1	1	
1	0	1	3	6	1	2	2	1	-1	0	3	-2	1	2	1	
0	1	-2	0	1	0	-1	1	1	1	3	1	6	1	1	2	
Number of Zeroes=51
-------------------------------------------

Current block= 48,96 -->Match Position= 47,96

Minimal Error=55977
1	-2	-6	-3	2	6	8	5	6	4	3	5	2	-37	-63	-70	
2	2	0	1	1	-1	2	3	5	3	0	1	-4	-44	-48	-53	
3	2	2	-1	-1	1	5	6	4	0	-1	5	-8	-51	-46	-39	
2	1	1	0	0	-2	2	5	8	6	3	6	-19	-52	-47	-32	
3	1	2	1	-1	-1	1	1	5	4	7	2	-26	-50	-43	-20	
6	4	1	0	0	-2	0	2	5	3	2	-1	-26	-46	-39	-13	
1	3	1	0	-2	2	-2	-2	2	1	1	3	-22	-49	-42	1	
1	2	2	2	2	1	1	3	0	-1	0	3	-14	-46	-40	8	
0	2	-3	1	0	0	2	1	2	1	-2	1	-5	-33	-34	-2	
3	2	5	3	-1	-3	0	3	2	3	-1	-2	1	-16	-31	-14	
0	1	1	1	3	1	0	0	2	0	0	-6	1	-5	-23	-21	
3	1	1	1	2	1	1	1	1	-1	1	4	4	-1	-16	-17	
3	-1	1	-1	1	0	0	2	1	2	1	1	2	2	-9	-11	
0	-3	-1	1	0	1	0	1	-1	0	-1	1	2	1	-5	-5	
1	0	4	2	1	1	1	3	0	2	2	-1	-1	1	-2	-2	
2	1	1	0	1	2	1	-1	-5	3	5	3	-5	-23	-8	12	
Number of Zeroes=29
-------------------------------------------

Current block= 64,96 -->Match Position= 63,97

Minimal Error=151432
4	40	16	-11	-14	-2	13	3	-2	-1	2	7	5	-2	-2	4	
27	53	29	-19	-15	-4	14	4	-8	-5	-9	-4	5	5	1	5	
11	50	47	-15	-25	-7	9	9	-9	-12	-8	-3	9	12	5	0	
-2	32	74	9	-32	-13	1	10	-5	-13	-9	-3	6	13	9	5	
-12	3	80	53	-26	-23	-4	5	-4	-16	-16	-4	0	5	4	6	
-8	-17	44	90	15	-38	-11	-5	-3	-12	-18	-6	4	6	11	4	
36	-21	-14	78	78	-16	-29	-3	3	-6	-15	-7	2	-1	-1	1	
50	13	-51	-14	96	51	-32	-15	4	1	-12	-13	-9	-2	-1	2	
44	46	-28	-72	6	84	20	-25	-6	2	-10	-16	-14	-4	5	6	
37	48	25	-36	-46	10	25	4	4	7	-6	-10	-10	-11	-1	7	
23	44	37	13	-9	0	28	15	47	55	13	-7	-8	-8	-7	4	
13	39	37	17	7	-13	-6	-5	-19	33	41	-3	-5	-8	-10	-7	
10	37	41	20	11	-1	-12	-4	-7	-16	37	27	-9	-6	-7	-8	
6	28	35	25	13	0	-5	-3	-4	-12	-16	36	28	-6	0	-8	
5	24	31	29	18	2	-5	-1	6	-6	-14	-16	42	33	0	-2	
-2	16	26	32	20	8	-1	-1	5	6	-9	-16	-20	41	40	2	
Number of Zeroes=6
-------------------------------------------

Current block= 80,96 -->Match Position= 79,96

Minimal Error=11357
12	2	1	9	11	13	11	13	11	4	1	1	-3	-3	-4	-9	
6	6	2	6	14	11	11	14	12	10	4	-1	-1	-3	-7	-9	
-2	0	6	5	7	8	13	12	13	13	8	2	1	-4	-6	-2	
0	3	1	0	12	11	4	8	5	4	2	9	10	3	2	3	
-1	-6	-3	-2	-1	5	9	6	6	9	3	3	5	5	9	11	
6	-4	-5	-2	-5	-5	0	6	4	6	4	2	3	-1	8	11	
3	3	0	-1	-1	-5	-8	3	4	4	3	0	1	-1	4	1	
3	1	4	1	3	-1	-6	1	7	6	1	2	1	-2	3	3	
-2	0	2	3	2	-2	0	0	11	3	-4	-4	1	5	4	5	
-7	-5	2	14	1	-7	2	7	12	3	-1	-5	-5	5	7	3	
-4	-11	-6	3	3	2	-2	7	10	10	-1	0	3	1	4	9	
-4	-4	-5	-7	5	6	-1	-2	3	4	3	9	8	2	6	7	
-16	-4	-6	-8	4	5	-2	-5	-3	-4	6	10	6	2	7	6	
-25	-10	-3	-3	0	-2	0	-3	-5	-4	-5	5	8	7	4	7	
-23	-19	-11	3	0	0	1	-4	-5	-3	-5	-1	1	2	3	5	
-22	-26	-15	-6	1	3	2	2	-2	1	0	0	-2	1	3	1	
Number of Zeroes=16
-------------------------------------------

Current block= 96,96 -->Match Position= 95,95

Minimal Error=79364
-2	-4	-9	-4	-5	-11	-4	3	8	21	20	8	0	12	43	33	
3	-1	-4	-6	-11	-3	2	1	9	19	19	9	0	19	35	22	
10	6	5	-1	-7	-1	4	0	3	13	20	8	3	25	33	10	
8	10	9	2	0	-3	2	7	2	10	17	7	4	29	29	8	
10	15	10	11	11	-2	1	3	8	15	17	4	9	27	21	4	
19	18	13	17	11	4	3	3	12	18	13	-1	17	31	10	-2	
13	13	11	10	3	6	5	11	18	16	7	0	27	27	0	-2	
9	14	11	9	7	4	4	12	18	16	0	10	32	29	3	2	
2	5	5	1	8	5	8	11	16	13	-4	9	34	40	1	2	
1	-1	1	1	5	3	10	16	17	9	-12	5	41	41	6	6	
3	1	-1	-6	1	7	6	13	9	0	-21	5	49	40	6	1	
0	9	4	-6	-1	6	13	13	4	-12	-31	12	52	35	-2	-4	
-8	0	-1	-4	-2	6	11	5	-3	-23	-29	23	56	39	-3	-1	
-5	-3	-4	-1	1	4	3	-1	-16	-27	-18	31	60	41	0	-2	
-4	-9	-5	4	0	2	-2	-7	-29	-24	-13	39	71	41	-7	-9	
-9	-13	-6	3	2	-1	-6	-21	-25	-16	-11	46	77	42	0	0	
Number of Zeroes=14
-------------------------------------------

Current block= 112,96 -->Match Position= 111,96

Minimal Error=630
3	2	-1	-1	-1	1	1	1	-1	-1	0	0	1	1	-1	-1	
1	1	2	2	3	1	-1	1	-2	-1	0	0	-1	1	-1	1	
1	2	-1	-1	0	-1	-1	1	-1	0	-1	-2	0	-1	-2	1	
1	3	1	1	1	-1	0	0	0	0	0	2	2	0	-1	-3	
3	0	0	3	1	3	0	-2	0	-1	0	-1	-1	2	0	2	
1	1	1	0	-1	0	-1	0	1	0	0	0	0	-1	1	-1	
-1	3	-1	0	-1	0	-1	-1	2	2	2	-1	-1	0	1	0	
0	1	-1	0	2	1	-2	1	-1	0	0	-1	-1	-2	-2	-2	
4	4	3	2	-1	0	1	1	1	0	-1	-3	-2	-1	-2	1	
0	1	1	-3	-1	-2	-1	0	0	-2	-1	-2	-1	-3	-3	-4	
0	1	-1	1	1	0	0	-1	0	-1	0	0	2	1	0	-1	
0	-2	1	2	0	1	1	-1	0	-4	-4	-3	-2	-3	-3	-3	
-1	0	2	0	-2	1	-1	-1	-2	-4	-3	-1	-2	-3	-3	0	
0	3	0	0	-1	0	-2	-4	-4	-1	-1	-2	-1	2	0	2	
-1	0	-2	-1	-1	0	-1	0	0	2	0	2	2	1	2	2	
0	1	0	0	-1	1	0	1	1	4	2	0	1	1	-1	2	
Number of Zeroes=67
-------------------------------------------

Current block= 128,96 -->Match Position= 127,96

Minimal Error=855
-2	1	1	2	3	1	0	2	0	-1	-1	0	0	-1	1	0	
0	1	2	2	2	1	0	0	0	0	4	1	-1	1	0	0	
4	-1	1	2	-1	0	1	3	-1	0	0	1	3	3	1	0	
0	1	2	0	1	0	0	1	-2	0	1	0	0	-1	-2	1	
3	2	0	0	1	1	2	-1	4	2	1	-1	-1	0	1	2	
0	0	-1	1	0	0	1	-1	1	1	-1	0	1	2	2	-3	
2	2	-1	1	1	0	0	1	0	-1	2	0	1	-1	0	-1	
0	0	-1	0	1	0	0	0	-1	0	-3	0	1	0	2	1	
-2	-1	-2	-4	-1	-1	-1	-2	2	-2	0	0	-2	-1	0	-1	
-1	-4	-3	-4	-5	-2	2	-1	-1	-2	-1	-2	-5	-1	0	2	
-3	-2	-1	1	-3	4	1	-3	-5	-3	1	1	-1	1	1	-4	
-1	0	0	1	0	1	1	1	2	5	4	4	3	5	1	1	
2	1	1	-3	0	-1	-2	1	2	2	0	-1	-3	-2	-3	-1	
1	2	-2	-1	-4	-3	-1	1	0	-1	0	0	-2	-1	0	1	
1	1	2	3	3	4	3	2	-1	-1	-1	-3	0	1	2	2	
3	2	-1	-1	1	-1	-2	-2	-2	-2	2	5	3	2	1	1	
Number of Zeroes=59
-------------------------------------------

Current block= 144,96 -->Match Position= 143,96

Minimal Error=1354
-2	-2	4	4	-1	-1	-2	0	-1	1	0	0	-1	-2	0	0	
-2	2	1	-5	-9	-7	-6	-4	-1	-2	1	0	0	2	1	-1	
1	5	2	-4	-3	1	3	0	1	-1	3	3	2	0	3	1	
2	-3	-3	-1	0	3	3	0	2	-1	-4	-2	1	1	0	1	
-3	-2	-1	1	1	-1	-5	-10	-6	-2	2	0	1	0	2	2	
-1	2	3	2	0	2	3	2	2	1	1	0	1	2	0	1	
0	-1	0	2	3	2	1	1	3	3	3	1	1	-1	0	1	
0	1	1	1	-1	-1	0	-2	-1	3	2	2	0	2	0	1	
1	0	0	1	1	-1	0	-1	-1	4	2	0	-4	1	0	-2	
0	0	0	-2	0	1	-1	0	0	6	2	-2	0	-1	-5	-1	
-1	-1	0	1	4	0	1	1	4	3	-4	-1	2	-3	0	1	
3	1	0	-1	-2	-1	-1	3	4	-1	-6	-1	0	1	4	3	
-1	-1	0	0	1	0	2	4	1	-1	1	1	0	-1	-3	-2	
-1	-2	-1	0	0	0	1	2	1	2	2	3	1	-1	0	-1	
3	4	2	3	5	5	4	3	2	-1	4	4	0	1	1	0	
0	-2	0	2	2	3	4	2	2	2	0	-1	0	0	-1	2	
Number of Zeroes=56
-------------------------------------------

Current block= 160,96 -->Match Position= 160,97

Minimal Error=2979
-3	2	3	1	4	2	8	-4	0	0	0	-4	1	1	0	-1	
-4	1	2	2	-1	-2	-2	2	6	0	1	1	-1	0	1	-4	
-6	-2	-1	0	-3	-1	-1	-1	1	-2	3	0	0	7	4	1	
-1	-3	2	-1	-3	9	7	1	-2	-4	2	1	0	0	-1	5	
1	-1	0	1	3	0	-1	1	-2	-1	2	4	6	2	1	-2	
-3	-5	-3	0	2	2	1	0	2	1	1	-2	2	4	3	0	
-2	-1	1	2	0	1	-3	0	-1	3	2	-3	2	1	3	8	
5	3	0	-2	-5	-2	-2	1	1	2	3	0	5	-2	-3	1	
5	-7	0	-1	8	7	-2	0	-2	0	2	-1	-3	2	-2	1	
-4	-4	1	0	4	-8	-9	1	0	2	0	-5	-4	2	3	3	
-5	0	-5	1	11	11	4	2	0	1	-2	-1	2	2	-4	-1	
1	7	5	10	10	-1	-8	-9	0	3	1	-3	-1	0	0	3	
2	-4	0	3	0	0	2	5	8	3	1	1	2	0	2	6	
2	3	2	-5	-1	3	-4	-7	-5	-6	-7	-3	-2	1	2	0	
1	-1	2	-2	2	5	-7	-7	-3	-3	-3	3	0	2	1	-4	
2	6	-2	-1	-1	5	-2	-1	0	2	5	1	-1	-1	0	-2	
Number of Zeroes=39
-------------------------------------------

Current block= 0,112 -->Match Position= 0,112

Minimal Error=2104
0	1	1	2	-3	-5	-1	-1	5	-2	2	-1	0	5	3	-9	
0	2	2	2	4	0	-8	-4	1	1	3	-1	-1	1	9	-8	
2	-1	0	1	-4	7	6	-1	-5	-2	1	2	-2	-1	7	1	
0	-1	-2	5	-3	2	4	-3	2	3	1	3	0	0	0	-1	
-1	-1	-4	1	0	1	1	-4	0	1	1	1	2	3	2	3	
0	3	-1	-1	-1	3	1	-2	1	-1	-4	-2	3	-1	1	1	
-2	0	-5	-6	-2	2	3	0	2	0	0	0	4	-1	1	1	
-3	2	1	-3	-3	-1	3	3	-3	1	1	2	2	0	2	0	
2	4	-3	-2	2	1	-1	2	0	0	0	0	1	3	-4	5	
0	2	-1	-4	2	0	0	0	-2	-3	1	3	-1	6	5	0	
0	-1	-1	-3	2	-3	-2	3	1	1	-9	0	1	0	3	1	
2	-2	-5	1	5	0	-1	0	0	3	0	0	-6	-2	2	0	
3	0	-1	-1	1	1	4	7	-11	-2	-2	4	-2	-2	2	-5	
1	-2	-1	-3	-1	-6	1	6	-2	2	2	-1	-3	0	2	2	
-2	-2	4	-4	2	0	1	-1	-5	-3	1	-3	2	-2	-2	-3	
0	0	3	-4	-2	2	3	4	-1	0	1	-6	-2	3	3	-3	
Number of Zeroes=43
-------------------------------------------

Current block= 16,112 -->Match Position= 15,112

Minimal Error=3286
1	-1	-1	-3	-1	-1	-1	0	2	4	2	2	-2	-3	0	0	
0	-1	0	3	2	2	2	-1	0	-1	0	1	4	3	-1	-2	
3	-2	0	-3	0	0	-2	-2	2	1	1	-2	0	-2	-1	1	
-2	1	-4	-3	-3	0	1	-2	-3	-1	-4	-1	0	1	1	0	
4	-2	3	4	-3	-3	0	-1	2	0	-1	1	0	-1	-4	-1	
6	3	4	-2	0	4	-2	1	3	-3	-4	-5	2	-1	4	2	
6	2	0	0	5	-3	-2	1	1	-3	0	3	3	-1	1	2	
-4	-1	3	-2	-5	1	3	1	-1	3	0	0	1	3	-1	1	
0	8	-4	-2	3	3	-1	0	1	0	-1	-1	0	0	2	-1	
-1	1	1	6	2	0	3	1	0	-1	2	4	-1	0	2	2	
-1	0	2	-1	2	2	2	0	0	1	-1	-4	-16	-2	-3	-1	
2	3	5	0	0	-1	1	0	2	0	0	-1	17	2	1	2	
0	2	0	1	2	0	1	1	-1	-3	-2	0	-1	-3	-3	-2	
-1	-2	-2	2	1	-2	-3	-5	-6	-7	-11	-8	-5	-5	-7	-4	
-1	0	2	3	5	6	6	9	5	0	-1	3	0	-1	-4	-5	
-1	-3	4	6	7	7	16	11	0	-11	-14	-7	-1	-1	-3	-10	
Number of Zeroes=47
-------------------------------------------

Current block= 32,112 -->Match Position= 31,112

Minimal Error=12679
0	1	0	-1	0	1	-1	3	1	1	-1	0	4	2	2	3	
1	-1	1	3	1	-1	-1	1	0	0	-2	1	1	1	3	1	
-2	-1	1	1	1	0	0	-2	0	0	0	-1	-2	5	5	-1	
-10	2	-1	-5	-2	-2	5	2	1	-2	0	1	-1	0	1	1	
6	2	-4	4	2	4	-3	-1	0	1	-1	0	-2	1	1	0	
-4	1	3	0	-1	2	-7	1	2	1	2	2	-1	-1	-1	-2	
2	2	1	0	-1	0	6	4	-1	0	2	-1	0	3	-5	2	
2	-1	1	-1	-1	3	1	0	-1	-1	1	0	1	-1	6	6	
-1	-3	0	-3	0	5	0	1	1	1	-1	1	0	0	1	0	
1	2	2	2	2	3	-2	0	-1	0	-1	-3	-12	1	1	-1	
-1	-3	-1	0	2	0	1	-1	-1	-2	1	-6	1	4	-1	2	
0	-1	1	4	0	3	3	-2	-2	0	-1	2	16	10	7	22	
-5	-2	-1	-3	-3	1	-5	-1	4	8	5	8	0	-9	6	30	
-9	-9	-4	3	-2	-2	-3	1	4	0	-3	-3	-7	6	24	29	
-7	0	3	4	0	0	3	9	2	-3	-10	-12	8	32	30	25	
-13	-10	-12	0	-2	-1	-4	-9	-9	-13	-9	9	32	33	30	27	
Number of Zeroes=42
-------------------------------------------

Current block= 48,112 -->Match Position= 47,111

Minimal Error=52957
5	0	-1	1	-1	2	2	1	2	2	7	8	-2	-22	-9	28	
5	2	3	-1	-2	2	1	3	10	1	2	-1	-14	-22	-6	0	
2	4	4	-2	0	-2	0	2	3	0	2	-19	-39	-7	22	7	
0	5	3	1	3	1	-5	-1	1	3	2	-19	-29	-24	-6	0	
0	-3	-2	0	4	4	3	-1	0	4	3	1	0	0	-22	-31	
13	4	4	0	1	3	6	4	-2	0	-10	2	34	49	27	16	
20	6	3	4	-1	-1	-3	0	2	-20	-28	-4	3	5	27	32	
12	19	5	4	5	-1	-2	3	-15	-20	7	1	-14	-20	7	16	
7	23	17	1	4	6	12	-7	-27	4	36	11	-8	-22	-14	-6	
3	3	19	8	2	5	-5	-32	-16	15	23	24	4	-8	-14	-4	
2	-4	0	7	-3	-1	-18	-19	-4	6	11	31	18	11	7	38	
8	7	-2	-14	-21	-19	-18	-8	-10	-2	2	25	20	4	-5	6	
23	14	4	-13	-27	-16	4	7	1	-18	-15	0	20	12	-1	-19	
23	15	-8	-27	-31	-18	17	24	13	-6	-17	-21	2	8	12	-13	
19	9	-15	-34	-28	-5	14	25	24	12	-24	-11	-10	-10	10	-4	
15	-3	-29	-34	-21	-5	3	39	33	4	-6	-31	-10	8	-3	-5	
Number of Zeroes=17
-------------------------------------------

Current block= 64,112 -->Match Position= 63,113

Minimal Error=68764
12	20	25	27	23	9	1	1	4	6	2	-10	-14	-20	44	46	
-6	20	36	29	20	20	6	6	3	2	2	-3	-7	-11	-16	46	
9	10	23	29	12	10	12	9	10	7	3	4	-2	-4	-13	-18	
0	7	22	26	14	8	8	7	3	6	5	2	3	1	-2	-12	
-20	-6	15	32	28	10	8	5	-1	6	9	2	-4	-3	0	4	
3	-5	0	15	30	13	10	9	9	1	6	4	-2	-7	-25	-41	
23	18	6	4	26	29	12	1	8	3	2	1	5	0	-15	-30	
33	38	12	-2	17	39	7	3	2	3	-6	-3	-1	-9	-18	-20	
21	19	10	-1	22	37	15	-3	0	-3	-14	-4	4	-21	-33	-30	
-20	-23	1	16	16	17	14	-5	1	-16	-24	-12	6	-3	4	2	
-10	-6	-8	41	1	-18	-7	5	11	0	-18	-11	18	4	2	-18	
-4	4	17	18	16	-13	-10	25	33	15	-6	-9	2	5	-17	-11	
-9	4	9	-1	1	0	13	27	27	12	-10	-25	-13	-13	-3	21	
3	-3	-10	1	3	16	19	15	13	-4	-25	-34	-27	-13	17	50	
4	-4	-7	8	39	20	9	13	10	-1	-14	-11	2	13	30	36	
-3	-2	3	16	39	15	-10	1	7	3	15	21	7	11	26	16	
Number of Zeroes=7
-------------------------------------------

Current block= 80,112 -->Match Position= 79,112

Minimal Error=128808
-12	-23	-24	-14	-8	-2	5	4	-1	2	0	0	1	1	1	1	
34	-13	-20	-16	-12	-8	-4	-2	0	2	0	-1	-2	-1	4	2	
52	35	-10	-14	-17	-13	-6	-3	-1	-2	-1	-1	-3	2	4	3	
24	55	32	-6	-14	-15	-7	-4	-3	0	-2	0	1	-2	2	-2	
-31	24	59	25	-7	-9	-11	-10	-4	0	0	1	-1	0	2	-1	
-18	-15	37	53	5	-8	-8	-10	-9	-5	1	2	4	1	-7	-19	
-23	-18	27	53	44	27	14	11	12	16	4	-12	-12	-16	-20	-21	
-23	-14	-8	-11	-1	0	3	8	-2	32	89	61	-8	-16	-13	-11	
-2	-2	5	14	5	5	0	-17	-17	-32	12	89	60	-6	-12	-8	
-4	-11	-5	14	12	15	8	-16	8	4	-37	9	91	53	-7	-7	
-17	-15	5	23	15	-17	-25	-5	14	22	-17	-33	57	70	15	-2	
-6	14	20	15	-2	-18	1	15	12	18	-6	-34	20	61	33	2	
24	33	16	-15	-30	-5	22	17	10	20	7	-25	-4	48	37	0	
39	21	-19	-39	-15	19	24	11	-2	2	20	-7	-25	37	40	4	
40	-11	-44	-21	14	28	21	9	-7	-14	15	4	-22	27	39	3	
-2	-28	-11	15	27	23	12	-4	-12	-15	18	24	-13	4	30	5	
Number of Zeroes=12
-------------------------------------------

Current block= 96,112 -->Match Position= 95,111

Minimal Error=162742
-9	-12	-5	-2	-1	-2	-17	-25	-16	-14	-10	54	83	37	-9	-8	
-8	-10	-7	-7	-6	-14	-20	-16	-15	-11	-10	62	96	42	-13	-16	
-5	-7	-3	-4	-16	-19	-10	-15	-12	-10	-7	33	54	41	27	14	
-1	-4	-5	-14	-16	-6	-8	-14	-12	-7	0	43	51	7	-12	16	
-3	-6	-17	-14	-4	-6	-12	-10	-10	-3	7	55	62	12	-14	-21	
-13	-16	-11	-6	-5	-5	-8	-11	-6	-1	11	64	65	10	-14	-15	
-11	-5	-1	-2	-5	-6	-8	-5	-2	1	17	65	63	9	-14	-19	
-2	0	-1	-1	-5	-9	-6	-1	0	4	22	70	60	8	-14	-21	
0	2	1	-4	-7	-6	-3	-2	2	5	28	72	57	0	-17	-21	
-2	1	-3	-6	-4	-4	-3	-2	4	8	33	74	50	-5	-18	-20	
1	-1	-1	-2	-5	-7	-4	-1	4	11	36	70	48	-6	-23	-32	
-1	-3	-2	-5	-6	-5	-3	1	6	14	34	67	46	-6	-34	-62	
1	-3	-5	-4	-3	-3	-2	1	6	13	30	66	51	-21	-72	-41	
-3	-3	-3	-3	-3	-3	-1	4	12	15	29	67	19	-59	-1	23	
-7	-3	-5	-4	-5	-3	0	8	15	15	29	38	-6	40	38	-4	
-8	-4	-5	-6	-5	0	5	13	13	11	26	7	43	52	17	0	
Number of Zeroes=8
-------------------------------------------

Current block= 112,112 -->Match Position= 111,112

Minimal Error=128478
-5	-1	-1	-2	0	0	2	4	3	2	1	3	4	2	2	-1	
-4	-2	-3	0	-2	-2	-1	-3	-2	-4	1	1	-1	0	0	1	
-6	-1	-5	-2	-1	1	0	-2	-4	-2	-3	-1	-2	-4	-1	-2	
-9	2	4	-4	-4	-3	-3	-1	1	1	0	0	-2	-3	-2	-4	
-13	-12	7	16	0	-2	-4	-3	-6	-6	-3	-1	-1	-2	-1	1	
-13	-13	-14	3	27	8	0	5	13	20	17	3	-1	-2	0	-2	
-16	-15	-12	-15	-4	32	16	20	10	24	-3	16	25	25	3	-2	
-18	-19	-23	-19	-10	13	57	19	-7	-1	-28	17	25	30	-19	10	
-21	-38	-43	-21	7	20	58	49	9	2	-13	10	-4	-8	-32	22	
-53	-52	-27	4	18	28	57	57	13	3	10	4	-22	-21	-24	7	
-62	-30	0	8	30	49	50	35	8	0	2	3	9	6	-5	-18	
-35	-1	10	21	24	38	27	8	1	0	2	0	0	1	2	7	
69	13	-18	-1	-11	-16	34	14	1	-1	2	3	3	4	1	2	
-4	-85	-68	23	33	18	58	42	1	2	2	1	3	2	2	1	
-76	-100	-20	34	12	-2	19	26	1	2	-1	2	0	2	4	1	
-59	-120	-42	22	26	15	24	23	-3	0	-4	2	1	1	2	0	
Number of Zeroes=19
-------------------------------------------

Current block= 128,112 -->Match Position= 127,112

Minimal Error=36656
-2	-1	1	-2	0	-6	-3	-1	2	2	2	-2	0	-2	-2	-1	
3	-1	-4	-4	-4	4	1	3	0	0	3	1	-1	-1	-1	0	
-4	-1	2	5	5	1	1	2	2	2	1	-3	-4	0	1	2	
-1	0	-1	-2	2	5	3	3	3	1	1	0	0	1	1	1	
0	-3	-2	-2	-1	0	-1	3	1	0	1	-1	-4	0	0	-2	
0	0	-1	-4	-4	-2	-3	1	-2	-1	-1	-3	-3	0	-1	2	
3	0	-3	-2	1	-1	0	1	-1	-1	1	1	1	0	2	2	
0	-1	-1	1	3	0	-1	-2	-2	-2	-1	3	1	3	4	4	
10	8	-1	-5	-5	-4	3	-1	-2	0	1	0	-3	-1	2	-1	
-10	11	27	16	0	-2	-2	-2	-1	-3	1	-2	-2	0	0	-1	
-11	-8	21	-13	12	18	8	0	-5	-1	0	-1	-2	-3	-3	4	
-2	-13	-2	-14	-5	9	17	20	8	6	4	-2	21	27	29	64	
5	6	-4	-18	-21	17	-7	-5	30	27	9	46	55	-6	-13	33	
1	2	2	3	3	-23	-23	25	32	-13	-26	35	-18	-48	3	36	
0	0	-1	3	4	4	1	-6	-37	-42	-7	19	-23	-10	19	29	
2	0	-1	3	1	1	4	5	3	-1	4	-4	-13	43	-12	1	
Number of Zeroes=32
-------------------------------------------

Current block= 144,112 -->Match Position= 144,112

Minimal Error=42690
1	1	-3	-1	3	-1	-2	0	-1	-2	-6	6	1	4	-1	-5	
-3	-4	-5	-4	-5	-4	3	-1	-4	-2	1	1	3	2	0	1	
3	0	-2	-4	-2	-9	-1	5	-2	-6	-2	-1	2	3	0	2	
-1	3	3	0	0	-4	-1	1	1	-1	-6	3	-2	-4	2	0	
-5	-2	-2	-1	0	-5	-2	4	-3	0	-6	5	4	-2	-7	2	
1	-1	-7	-2	1	-3	-5	-1	5	-1	-4	8	4	3	-1	-2	
0	2	2	3	1	-2	5	-7	-4	2	-1	-1	-3	-2	4	8	
4	-3	6	1	2	1	5	2	-2	-1	1	1	10	-7	13	9	
3	-3	1	3	-5	-4	-2	-3	3	14	43	3	7	-23	-2	-1	
-3	-5	-2	4	10	6	28	2	-40	-1	27	10	-18	-26	3	12	
14	9	12	5	15	3	-2	4	-46	-2	16	32	-13	-43	10	9	
36	28	-27	0	6	23	-7	-7	-43	-13	11	44	-11	-16	-2	12	
14	46	-28	1	7	31	-8	-14	-39	-32	9	38	-4	5	20	3	
13	20	-13	-1	6	42	15	-22	-25	-42	14	13	0	12	9	0	
2	3	-14	-2	7	20	25	25	-20	-22	2	-3	-2	-1	-2	0	
4	-25	-12	-1	-2	0	-14	13	-14	-5	-1	2	0	0	0	-1	
Number of Zeroes=18
-------------------------------------------

Current block= 160,112 -->Match Position= 160,112

Minimal Error=52062
1	2	-3	3	-1	0	0	-1	1	1	3	1	-1	-3	0	-1	
1	1	1	-2	-3	2	2	-2	6	3	0	4	4	-1	-1	-2	
1	4	4	-6	-5	-1	-2	-2	0	2	2	1	0	0	4	7	
2	2	5	0	-4	0	-3	-3	-4	-2	-2	0	12	15	7	8	
1	-2	-1	0	0	-1	2	9	-1	-9	-11	-38	2	0	-1	1	
-2	-1	4	15	4	6	18	16	5	-3	-8	-45	-3	1	0	1	
11	16	15	24	1	11	5	-50	25	14	-4	-41	-12	2	1	-2	
3	6	10	3	12	8	26	-51	-16	12	-3	-36	-21	1	4	19	
8	9	4	13	-13	-14	90	17	-30	2	-4	-28	-29	14	15	8	
-4	7	11	-13	-29	0	13	92	-13	-17	-2	-25	-19	21	6	11	
13	2	-25	12	-15	1	-8	38	68	-12	8	0	2	1	-2	-1	
3	-24	-7	17	-14	-6	-5	-6	7	0	-3	2	0	1	0	-1	
-28	-7	-6	-4	-2	-3	-1	1	2	-1	0	0	0	-1	1	0	
-4	-2	0	1	1	1	1	-2	1	2	1	1	0	-2	0	2	
0	-1	-2	0	0	1	-1	0	-1	-1	-1	0	-1	-2	1	0	
-1	-1	-1	-1	0	1	-2	-2	0	-1	-2	0	1	0	-1	1	
Number of Zeroes=36
-------------------------------------------

Current block= 0,128 -->Match Position= 0,128

Minimal Error=11630
-1	2	-9	-3	1	0	0	1	-1	2	0	2	0	5	0	-6	
0	3	-4	-4	1	7	-15	0	0	0	1	7	5	-7	-14	-9	
-1	-1	-2	-1	3	11	1	0	4	8	8	1	-13	-10	-8	4	
-1	-1	-4	-4	-2	0	5	3	3	-1	-7	-15	-16	-14	-8	-1	
-1	-1	-2	-4	0	7	10	8	4	0	-5	-14	-16	-16	-9	1	
3	1	0	-1	8	11	8	10	7	0	-8	-9	-11	-14	-8	-6	
1	-2	-2	4	7	11	13	12	10	11	2	-9	-9	-11	-7	-5	
0	-1	-6	-1	11	9	8	21	16	10	0	-2	-11	-6	-7	-5	
-1	-1	-7	-7	2	-4	1	7	11	-2	-7	-8	-5	-4	-8	-7	
-1	-2	-4	-9	0	6	9	6	8	2	-1	-5	-4	-6	-5	-2	
0	0	-1	3	-4	5	11	8	3	-2	1	-2	1	-4	10	-2	
1	-2	2	-4	2	9	10	8	8	8	-11	-11	-3	-7	-10	-16	
-1	-1	-2	2	8	10	3	1	3	5	-10	-4	3	-4	-11	-2	
-1	-2	0	6	3	-2	5	10	7	3	3	2	8	4	-1	0	
-2	-2	7	6	-10	-10	0	15	-5	-3	-3	-9	0	-2	-2	-8	
0	0	4	-3	-9	-9	0	4	-13	-10	-10	-17	-3	0	-1	1	
Number of Zeroes=28
-------------------------------------------

Current block= 16,128 -->Match Position= 15,127

Minimal Error=87546
-9	-1	5	5	4	16	13	4	-11	-23	-19	-14	-8	-5	0	-6	
3	1	3	-4	2	22	21	16	-3	-24	-18	-10	-4	-6	-3	1	
-1	1	-3	-2	13	21	28	21	4	-14	-8	-7	-11	-4	-1	6	
0	6	-12	0	13	24	38	31	6	-10	-8	-2	-8	0	3	7	
-1	-2	1	11	16	24	41	47	26	-13	-7	2	-2	-7	-6	-5	
-2	3	5	15	16	28	31	31	17	-14	-21	-7	-4	-10	-14	1	
-6	1	7	11	-5	6	55	38	6	-18	-21	-2	-1	-11	-25	-5	
-5	1	7	12	6	-1	52	39	7	-17	-25	-3	2	-15	-32	-26	
-12	-7	5	10	16	18	27	33	8	-16	-24	0	7	-7	-27	-41	
-5	3	2	-16	-2	18	28	39	16	-6	-19	1	19	14	-38	-54	
-8	-2	5	13	15	21	27	40	22	-9	-20	-5	26	36	-7	-35	
-10	-3	8	16	34	20	31	43	29	-2	-19	-5	27	43	17	-15	
-10	-4	8	17	18	17	33	44	28	-1	-19	-12	13	24	10	-12	
-8	-13	2	8	7	13	30	37	32	5	-23	-20	-3	12	3	-11	
-9	-22	-3	-2	-4	5	23	36	37	8	-23	-28	-11	5	0	-19	
-11	-8	-7	-5	-2	4	16	35	41	12	-16	-21	-9	-6	-10	-22	
Number of Zeroes=6
-------------------------------------------

Current block= 32,128 -->Match Position= 31,127

Minimal Error=82837
-15	-13	-17	-5	-6	-1	4	-3	-7	-5	-2	11	21	23	23	16	
-9	-9	-7	-1	1	1	4	-3	-2	-4	4	15	16	25	23	10	
5	-2	-3	-13	-19	3	-5	-3	0	4	10	19	22	37	24	6	
9	-9	-5	-11	-13	-10	-9	-4	3	9	11	14	30	30	16	-7	
8	0	-22	-18	-14	-13	-10	-1	6	7	17	23	39	28	5	-21	
9	4	-18	-19	-18	-12	-7	3	10	12	21	31	47	25	-13	-33	
7	6	-13	-25	-17	-15	-4	4	7	13	21	39	33	2	-29	-30	
-14	27	-4	-26	-18	-15	-2	7	16	18	15	40	19	-11	-36	-17	
-33	-2	-3	-23	-32	-16	-2	4	10	15	35	39	5	-29	-33	-5	
-29	-7	-3	-14	-30	-22	-8	5	11	23	42	21	-11	-38	-26	-3	
-24	5	4	-11	-20	-22	-10	0	8	34	42	8	-26	-36	-7	1	
-24	4	10	-5	-18	-14	-9	-5	7	43	25	-10	-37	-30	2	3	
-26	-1	13	7	-5	-3	-4	-6	9	25	8	-22	-42	-26	3	-1	
-2	1	8	10	5	-1	1	-4	30	25	3	-29	-40	-15	6	6	
-18	0	5	4	3	2	10	11	24	14	-7	-36	-38	-6	8	8	
-22	-1	6	3	-2	0	11	13	16	2	-15	-40	-32	-7	3	10	
Number of Zeroes=5
-------------------------------------------

Current block= 48,128 -->Match Position= 47,127

Minimal Error=98926
2	-20	-40	-32	-14	-8	3	29	53	28	-12	-7	-24	-5	0	-19	
-12	-36	-36	-23	-11	-4	7	25	30	35	19	1	12	-14	-16	-10	
-20	-39	-31	-16	-8	-4	3	22	35	12	11	33	20	22	-8	-41	
-28	-31	-22	-12	-8	-6	0	19	39	15	-12	1	63	48	39	6	
-29	-22	-15	-11	-5	-4	-2	14	40	16	-16	-20	13	34	55	52	
-22	-16	-16	-9	-9	-6	-4	8	38	19	-15	-13	3	-3	4	67	
-10	-12	-15	-12	-9	-4	-4	10	35	21	-16	-17	6	-5	-10	32	
-3	-7	-8	-11	-5	-2	-4	5	28	25	-13	-13	13	3	-16	-2	
-7	-8	-8	-12	-7	-3	2	8	25	26	-10	6	16	7	-16	-11	
-2	-5	-10	-15	-7	-5	2	6	17	6	7	2	6	12	-11	-10	
1	-1	-10	-17	-13	-10	-4	3	-4	0	14	-4	-6	19	-7	-14	
4	0	-9	-14	-10	-5	3	7	-1	20	24	-15	-10	23	-2	-18	
-4	-8	-14	-11	-12	-11	-3	2	-12	28	23	-27	-19	27	-4	-19	
1	-6	-15	-16	-15	-13	-2	-2	-10	39	28	-35	-26	26	1	-13	
4	-4	-11	-16	-8	-5	-2	-13	-1	46	26	-49	-31	20	5	-15	
8	-2	-13	-18	-4	-1	-9	-11	15	53	26	-55	-33	21	11	-13	
Number of Zeroes=4
-------------------------------------------

Current block= 64,128 -->Match Position= 63,128

Minimal Error=141119
-14	-5	2	18	28	9	-13	-2	3	-2	13	15	-16	-21	16	7	
-14	-8	-4	8	7	6	10	8	-6	-7	15	17	-14	-9	21	-5	
-16	3	0	-27	-1	34	17	-4	-10	2	4	8	8	11	7	-21	
-18	-37	-23	-13	9	24	27	9	-2	4	-10	-10	1	16	-7	-22	
57	-5	-16	5	1	-6	-15	-3	14	26	7	-5	2	-5	-21	-8	
51	1	-41	-24	12	37	61	53	12	-20	-12	2	1	-6	3	23	
32	49	4	-46	-38	-11	13	33	57	63	34	-2	-26	-28	-24	-19	
4	41	49	-10	-57	-29	-3	8	16	34	37	44	46	22	12	10	
-3	14	53	31	-37	-50	-12	-5	2	17	22	30	41	31	11	3	
-1	2	30	57	11	-47	-33	-12	-7	4	11	17	33	36	23	8	
-1	6	8	41	51	-12	-49	-23	-10	1	3	9	24	17	21	31	
-2	3	3	18	58	31	-35	-42	-19	-7	4	5	13	19	18	21	
-3	-1	-1	6	36	55	5	-43	-32	-15	-4	1	8	12	8	14	
-5	0	5	5	11	47	42	-16	-47	-27	-12	-1	3	7	5	6	
-13	-3	4	3	6	22	56	25	-36	-40	-20	-6	3	3	1	3	
-14	-4	-5	5	13	7	39	47	-9	-41	-30	-16	-2	2	-1	-1	
Number of Zeroes=2
-------------------------------------------

Current block= 80,128 -->Match Position= 79,128

Minimal Error=72399
-32	-25	11	28	18	14	0	-12	-13	0	23	32	1	-10	19	10	
-27	-23	9	25	8	-3	-10	-14	-9	4	16	21	1	-6	21	10	
-8	5	2	17	12	-20	-17	0	5	-1	-1	12	-3	-9	20	15	
12	11	4	10	-16	-15	10	7	6	3	5	12	-17	-21	23	21	
7	-1	3	-8	-9	0	-8	-11	-1	4	7	13	-17	-29	6	18	
15	18	17	4	11	23	14	-1	10	15	-13	-42	-22	14	9	-1	
-8	-1	1	-4	-5	9	2	-6	2	11	-11	-29	2	23	-11	-19	
6	-1	-8	-3	0	-4	13	27	8	2	-3	0	-6	-45	-48	-6	
11	25	15	0	-4	-17	-9	9	14	17	16	8	18	-20	-65	-25	
-1	15	31	27	16	5	-3	-6	-4	7	16	13	-4	4	-44	-68	
14	-7	2	24	32	26	20	10	6	5	0	3	3	-5	-11	-64	
29	13	-9	-7	8	26	36	20	9	8	3	2	7	-8	-20	-41	
24	23	10	-5	-7	-2	11	25	28	15	7	9	12	-7	-40	-46	
11	19	21	12	1	-2	-3	0	4	6	10	19	18	3	-27	-29	
11	14	13	12	8	7	1	-4	-2	-1	-2	-6	4	18	-5	-13	
11	14	11	9	9	12	5	0	-2	-4	-2	-5	3	18	3	-10	
Number of Zeroes=10
-------------------------------------------

Current block= 96,128 -->Match Position= 95,127

Minimal Error=187721
-7	-3	-4	-3	-4	-1	7	12	11	13	16	12	72	78	23	5	
-3	-4	-5	-5	-4	1	8	12	7	0	-6	-15	49	98	36	0	
0	-1	-1	-1	2	5	8	3	-1	19	10	-26	-6	42	19	-4	
2	-2	-2	-1	3	9	4	4	36	32	15	0	-9	31	27	6	
2	-2	-3	1	5	6	0	50	50	3	7	-3	-9	21	24	13	
5	-4	-1	3	5	-3	24	59	33	9	7	1	3	10	15	7	
1	-4	2	3	0	22	45	24	29	14	5	-2	4	18	18	11	
2	-3	0	1	10	47	33	22	20	10	5	0	6	15	18	13	
10	0	-3	11	41	37	23	16	10	13	9	3	10	15	20	16	
-2	10	9	43	48	35	29	5	8	25	22	10	4	18	42	25	
-31	10	19	51	35	29	21	4	13	41	45	21	-27	2	65	51	
-26	-16	15	48	22	5	-1	8	13	21	37	39	-9	-14	58	48	
-12	-4	42	36	16	0	-6	4	7	7	19	43	11	-4	51	0	
-27	3	52	22	14	-2	-6	-3	9	32	31	45	28	14	48	-17	
-40	-3	24	25	7	-3	-24	-23	28	7	5	44	89	86	27	-28	
-11	-14	33	62	7	-18	-65	-50	-29	0	-14	10	91	116	9	-62	
Number of Zeroes=12
-------------------------------------------

Current block= 112,128 -->Match Position= 111,128

Minimal Error=248088
-66	-97	-38	21	40	24	11	7	-3	0	-1	1	1	0	0	1	
-51	-92	-34	12	34	15	3	3	0	2	2	0	4	4	-1	5	
-25	-85	-67	4	31	10	1	6	-1	1	-6	-3	0	3	0	1	
-9	-71	-72	-21	31	22	6	8	-1	1	-2	0	1	7	-2	-5	
-13	-49	-87	-52	11	20	10	-1	-11	-5	-8	-8	5	6	-1	-2	
-20	-58	-81	-55	10	30	22	1	-8	-8	-27	-51	-49	-32	-12	-3	
-16	-69	-87	-63	23	62	27	2	-3	-20	-23	-9	3	-8	-22	-32	
-15	-71	-88	-54	40	89	18	-8	-18	-25	-14	-12	6	26	35	25	
-11	-63	-79	-57	10	75	15	-20	-35	-15	1	1	-3	-7	1	26	
-14	-64	-69	-45	-6	39	21	-35	-33	-8	-3	-1	-3	2	-4	-11	
-38	-48	-20	1	0	-21	1	-9	-14	-9	-9	-5	-4	0	-4	-22	
-87	-52	13	30	-4	-40	-30	-19	-8	-10	-8	-8	-5	-8	0	3	
-83	-19	19	53	28	-22	-33	-38	7	28	3	-6	-6	-7	-7	-3	
-68	-16	42	50	10	-14	-24	-22	-17	25	1	4	-1	-2	-6	-3	
-9	58	32	16	9	-19	-10	-11	-23	-9	3	-11	-10	-5	-5	-4	
75	43	-22	13	-2	-28	-10	3	-21	-18	3	4	-4	-3	1	-8	
Number of Zeroes=11
-------------------------------------------

Current block= 128,128 -->Match Position= 127,128

Minimal Error=44913
1	0	0	-2	2	2	0	4	2	2	-9	-15	16	33	-42	-1	
3	1	-1	-2	4	2	2	2	2	0	-2	6	27	-13	-22	1	
3	-1	0	2	5	0	2	3	0	2	-8	18	32	-19	-1	-13	
-2	2	1	2	2	0	0	1	-1	1	-6	9	27	-13	-15	5	
6	1	-2	0	2	3	1	-1	-1	2	-4	0	-3	-34	-8	16	
5	0	0	5	1	2	-1	-1	1	1	-4	-8	-2	8	4	14	
-22	-12	-5	2	0	0	0	1	0	3	-4	-5	21	2	-6	-1	
-3	-22	-21	-6	2	2	2	0	0	0	-4	5	24	-23	9	19	
33	15	2	-10	-11	-7	-7	-1	2	0	-4	25	2	-25	12	10	
-1	20	11	-2	-4	-13	-33	-31	-20	-6	-5	20	-7	-25	9	3	
-7	-2	14	-1	-15	-9	-9	-13	-20	-32	-37	-34	-16	-21	9	30	
12	16	-3	21	-3	-30	-14	-4	2	-6	-10	-21	-25	-32	-13	0	
0	-2	-4	-2	29	6	-38	-19	-6	2	-1	-2	-4	-7	-14	-35	
2	1	-2	-9	-5	26	15	-40	-20	-2	5	-3	-5	0	-3	-3	
1	2	7	-4	-7	-6	22	21	-31	-18	-4	-3	-6	-3	0	-3	
4	2	4	7	-10	-5	-12	33	9	-35	-11	-3	0	2	1	-4	
Number of Zeroes=26
-------------------------------------------

Current block= 144,128 -->Match Position= 143,128

Minimal Error=53078
-8	14	14	-5	-2	-10	15	-9	8	2	0	-1	-1	0	-2	1	
-10	17	-2	1	1	-5	5	-12	5	3	0	-1	1	-1	-2	1	
-2	14	8	-1	0	-5	2	-11	3	3	-1	0	-1	1	0	-1	
52	24	-10	1	-1	-7	1	-9	2	4	1	0	1	1	0	2	
37	-20	-15	2	0	-4	2	-7	3	6	2	-1	-3	-9	-17	-23	
15	-22	-3	2	0	-7	-8	-9	-7	-12	-24	-29	-30	-25	-14	-6	
19	9	-7	3	-4	-29	-24	-20	-9	-21	-6	-2	7	14	20	24	
36	-27	-16	0	-7	-14	-11	3	11	-15	9	15	13	14	10	7	
-12	-40	17	11	-1	1	-5	-4	12	-16	6	3	3	-1	0	0	
16	-15	41	-8	2	0	-1	-15	10	-19	3	-1	4	3	3	1	
-2	-19	10	5	0	3	-2	-10	-1	-22	2	2	0	0	0	1	
-38	12	3	16	0	5	-3	2	-8	15	37	7	-1	2	-3	-4	
-46	1	0	15	-1	3	-3	1	-8	-14	-16	-7	16	7	3	-2	
-15	-11	15	4	-3	4	0	-2	-9	3	17	46	23	-28	36	22	
-3	2	2	-5	-3	1	-2	-2	-11	5	4	20	-15	-48	30	-7	
0	-3	8	7	2	2	-11	0	-11	16	4	29	-32	-38	-11	-66	
Number of Zeroes=23
-------------------------------------------

Current block= 160,128 -->Match Position= 159,128

Minimal Error=49915
0	-2	-1	0	-1	1	4	-1	0	-1	0	-1	0	-1	0	2	
0	0	1	-1	-1	5	4	-6	0	1	-1	-2	-7	-11	-18	-17	
-1	-1	2	1	-1	5	-1	-10	-15	-22	-29	-22	-20	-17	-11	-2	
1	-4	-10	-16	-25	5	-8	-28	-23	-10	1	3	7	10	24	30	
-26	-26	-24	-14	-2	32	-8	-10	-7	32	28	5	11	14	26	2	
-3	2	26	32	35	17	-9	-2	-5	60	-11	-23	7	5	-14	-24	
-5	1	41	17	-3	-23	-12	-7	6	34	-14	-27	4	4	-15	6	
-26	4	27	-4	-17	-21	7	-8	25	11	-4	-27	1	4	14	35	
-16	4	23	0	-5	-10	3	-10	31	11	4	-32	1	5	12	9	
-8	8	17	0	-3	-17	7	4	6	2	4	-30	-3	7	10	6	
2	8	2	2	0	-8	1	15	1	0	1	-34	-8	4	8	4	
3	5	-2	-1	-2	-3	-3	12	-2	4	-2	-4	-4	6	9	3	
15	15	-8	-1	0	-3	-9	4	-2	2	-1	-3	-11	-11	3	-3	
26	18	-17	-15	-2	-4	-2	-1	3	1	0	-1	-20	2	8	6	
-22	8	-15	-18	-2	-9	-5	-8	4	2	0	0	-13	-4	8	8	
-41	17	-14	-25	1	-2	-4	-12	0	-1	-3	0	-12	-6	-5	-43	
Number of Zeroes=19
-------------------------------------------

