28,136,209,214,192,194,217,206,220,211,205,208,207,216,222,223,222,221,220,219,216,213,215,208,212,209,167,138,145,146,157,147,127,119,113,138,198,222,218,217,223,220,220,223,225,222,218,214,220,222,223,222,222,223,225,224,223,224,224,223,223,222,220,222,209,211,222,215,216,221,222,227,223,171,128,134,145,130,134,120,125,183,205,212,215,211,196,199,205,209,208,201,205,207,210,200,197,211,212,210,206,206,210,208,205,205,199,202,124,102,131,129,121,110,172,194,200,212,213,208,207,194,196,200,193,190,194,202,206,194,191,177,175,126,118,191,210,209,216,213,214,213,212,210,207,204,204,206,183,113,127,191,204,207,208,208,210,213,214,214,213,140,112,174,201,200,168,96,170,187,186,139,80,103,161,192,

30,137,211,212,199,216,210,196,220,209,206,208,205,219,219,219,219,221,217,218,217,213,215,205,181,150,136,142,148,149,138,122,116,125,166,208,220,218,222,218,222,222,220,218,207,221,219,218,221,222,218,206,223,223,224,225,224,223,225,222,222,222,219,220,217,217,219,216,214,222,222,193,147,119,117,128,139,139,141,132,127,132,172,203,211,213,205,191,199,207,208,205,207,208,212,206,169,197,211,209,207,206,206,209,205,205,202,203,178,112,104,125,127,113,121,175,204,203,210,210,210,203,204,199,193,191,197,197,205,197,189,164,181,168,116,134,201,213,214,213,215,215,215,213,203,203,206,204,202,169,114,150,200,202,207,210,210,212,214,213,214,188,123,127,186,203,146,108,182,186,179,149,139,94,100,139,

29,136,207,211,217,216,206,211,216,205,203,199,211,219,218,219,221,220,215,216,216,210,188,153,136,135,142,150,140,117,109,125,158,188,224,222,222,223,212,222,221,216,221,214,207,222,222,223,222,221,221,220,223,223,225,225,223,217,221,222,222,222,218,219,223,219,217,217,213,191,149,127,128,134,141,150,146,136,137,135,132,131,125,151,198,212,191,156,197,204,205,197,203,204,210,211,210,203,208,209,208,208,207,207,204,205,207,204,208,197,129,100,124,125,118,116,174,203,205,208,209,208,207,202,197,192,191,189,204,205,188,166,183,197,172,117,134,197,213,212,214,213,215,215,207,205,209,210,204,209,164,112,160,198,204,208,209,210,211,212,212,211,183,120,130,191,169,148,177,184,189,116,170,161,118,93,

28,136,211,213,215,208,213,216,207,206,207,204,216,216,215,220,222,214,215,215,193,154,132,135,144,146,137,122,110,110,161,210,224,224,223,223,224,223,192,220,221,216,219,220,222,221,223,222,223,223,223,223,223,224,224,223,223,223,222,223,217,222,221,221,220,221,214,174,142,121,125,141,144,142,148,159,145,139,145,140,136,129,130,122,136,186,192,177,184,203,203,209,204,200,205,210,209,209,208,208,209,207,208,208,207,208,209,206,203,207,207,138,100,117,127,118,112,170,205,204,207,206,206,203,199,193,196,190,198,203,202,171,185,199,201,158,113,133,197,210,212,214,214,212,211,207,210,205,206,202,208,159,112,168,202,205,209,210,210,209,213,207,211,183,114,134,186,171,174,184,197,118,111,175,180,170,

29,135,211,217,214,212,218,217,202,207,202,210,216,215,217,221,219,217,198,161,135,138,144,145,132,110,104,120,149,199,223,220,222,221,222,223,225,223,221,218,220,221,221,222,222,223,222,223,223,222,223,224,224,222,223,224,223,222,223,222,220,221,220,218,203,184,142,118,128,142,145,152,154,127,125,136,128,137,144,143,140,134,124,132,137,164,206,211,215,215,217,212,206,205,207,209,209,212,213,209,208,207,208,209,206,206,206,208,207,204,208,208,142,103,114,124,118,107,158,202,205,205,206,205,203,197,191,192,196,195,206,188,189,208,204,187,150,111,134,204,215,215,214,214,214,208,207,208,208,205,208,207,159,119,177,206,209,209,209,210,214,208,202,199,168,114,140,173,173,183,195,137,81,149,182,187,

31,136,211,217,212,215,214,209,203,205,203,213,215,218,215,216,194,160,139,137,142,145,132,113,101,109,158,208,224,221,219,220,223,221,221,220,223,221,220,222,220,219,223,223,222,224,201,220,223,222,222,222,219,221,223,223,222,222,223,220,224,211,205,168,133,119,130,142,149,145,153,151,139,136,133,133,134,139,139,136,137,161,192,214,230,234,234,235,236,235,234,233,229,224,216,209,210,210,211,211,209,212,207,206,200,203,205,206,205,206,205,206,211,163,103,115,124,120,110,151,202,205,202,200,201,201,199,196,194,193,204,196,198,213,207,183,186,160,113,139,205,212,215,214,215,216,215,213,206,207,207,206,210,156,118,182,208,204,208,210,211,208,199,204,211,154,125,174,170,182,194,158,87,104,180,184,

30,135,210,214,209,218,216,200,203,206,211,213,216,218,200,165,142,136,136,137,132,110,95,102,150,204,224,219,211,215,221,224,223,223,220,221,222,219,220,219,221,222,222,220,223,222,219,220,222,223,223,222,219,219,222,219,220,220,220,220,200,144,130,132,145,137,140,152,155,144,138,133,129,136,127,121,141,172,174,191,211,233,238,238,234,235,235,235,235,235,235,235,235,235,235,230,224,214,213,215,211,210,210,208,203,204,203,208,208,207,204,204,204,209,163,97,116,126,121,109,144,202,204,199,201,199,202,198,198,197,201,196,199,210,210,203,167,180,150,109,137,203,209,209,211,216,217,217,209,205,209,205,205,213,159,120,184,203,204,209,209,208,207,209,206,204,183,178,170,182,191,175,131,84,135,191,

30,134,214,212,205,215,209,205,209,207,211,213,200,163,140,138,138,134,129,115,109,99,137,200,222,220,218,221,218,219,224,201,215,223,222,221,222,221,222,221,222,222,223,221,222,222,221,221,223,221,222,222,220,220,220,220,221,224,207,162,144,145,138,145,146,152,155,132,128,134,130,131,130,129,143,175,214,222,230,236,237,235,235,235,235,235,235,235,234,235,236,235,234,235,235,234,235,233,223,212,214,211,208,209,208,205,206,207,206,204,205,204,206,200,202,137,107,118,121,115,101,135,196,201,198,203,202,199,203,199,193,182,199,212,208,205,184,177,173,146,113,137,205,208,212,213,217,216,214,211,214,211,207,206,215,149,123,183,204,207,205,205,204,208,206,210,207,184,168,182,188,178,166,120,89,151,

30,137,214,209,210,213,208,205,204,208,201,165,138,136,142,136,129,116,107,107,133,183,220,223,219,220,219,221,222,221,222,216,221,222,221,216,217,222,221,221,222,220,223,221,222,223,222,220,220,223,222,222,222,221,221,222,208,168,137,143,143,146,154,155,148,141,130,129,130,131,127,133,162,197,220,226,232,232,235,234,234,235,235,236,235,235,234,234,235,235,235,235,235,235,234,234,235,235,236,229,216,212,210,210,207,206,206,206,205,203,203,204,205,203,202,209,179,107,111,117,115,106,127,188,200,209,208,198,204,209,202,186,190,213,212,202,186,181,169,184,161,108,144,203,208,213,215,214,215,216,216,214,211,209,211,201,133,126,187,208,207,208,206,205,206,209,208,193,166,181,187,184,163,174,92,96,

30,136,210,212,216,213,209,206,192,165,139,136,144,145,131,119,109,102,128,180,215,220,219,221,219,219,222,222,222,221,222,223,221,207,215,220,221,220,222,222,221,222,224,221,221,223,223,221,219,218,222,220,224,223,199,164,141,134,136,139,145,155,145,142,136,123,134,129,121,130,166,201,220,225,231,234,235,234,235,234,234,235,234,235,234,235,235,235,235,236,236,236,235,235,235,234,234,235,235,235,231,216,209,209,210,205,202,206,205,204,203,204,203,201,204,204,213,185,124,117,122,118,106,118,185,198,206,202,205,209,209,196,195,213,215,206,195,187,177,180,183,154,110,142,202,215,214,213,216,216,216,216,215,216,210,206,194,134,130,188,204,207,205,207,206,207,208,199,164,175,183,190,154,157,126,87,

30,134,211,217,213,210,195,169,142,136,138,141,130,119,111,106,119,171,215,220,217,217,221,222,217,219,223,222,220,221,222,221,221,221,221,214,220,220,222,221,215,220,223,222,222,222,222,221,220,220,224,218,189,150,134,137,140,146,145,148,148,144,134,133,127,118,122,141,183,202,219,225,231,234,234,234,236,234,235,234,234,235,234,234,235,235,235,235,236,236,236,235,235,235,236,234,235,235,234,234,235,230,214,208,211,207,205,208,206,205,203,206,205,202,205,203,203,214,206,135,110,117,117,107,118,172,200,206,208,204,208,201,200,213,208,204,201,190,188,176,182,185,156,114,144,203,215,214,216,214,217,218,216,214,213,206,203,201,130,132,192,205,207,207,205,207,210,200,157,172,182,194,142,109,154,129,

31,135,210,217,202,171,137,125,136,148,137,121,104,105,116,174,211,202,218,217,215,219,221,222,223,222,222,222,221,220,220,220,221,222,221,221,219,222,220,220,217,217,222,221,222,222,221,219,221,211,191,154,131,134,140,149,151,145,146,141,132,133,125,119,129,155,190,211,217,223,228,233,235,234,235,235,234,234,234,235,235,234,235,235,236,235,235,234,234,235,236,236,235,235,234,234,235,234,234,235,234,235,228,212,209,211,213,210,208,205,204,203,202,203,204,206,203,206,212,199,123,111,115,115,115,121,166,195,203,207,210,207,206,215,213,206,199,190,186,179,176,177,187,155,118,150,210,212,213,217,218,220,219,217,217,214,205,201,187,130,139,194,206,207,205,204,209,202,152,170,181,192,163,122,161,171,

29,136,201,171,136,130,136,145,143,130,125,110,123,175,203,222,218,216,221,221,221,222,222,221,222,221,220,220,220,221,220,221,221,222,221,221,221,221,219,221,222,220,217,219,219,218,219,211,191,164,142,140,142,148,156,147,135,127,124,118,115,111,127,166,201,221,221,222,224,232,234,234,234,234,235,235,235,235,234,235,235,235,234,236,235,235,234,235,235,234,235,236,235,235,235,235,235,235,235,235,235,235,234,225,210,209,209,209,210,202,203,203,201,202,202,203,201,204,207,212,204,134,114,122,126,119,122,165,204,211,212,210,201,210,214,208,202,193,186,191,184,180,183,179,158,115,153,207,212,216,217,219,220,221,219,216,213,203,204,187,124,141,198,206,205,202,205,210,175,159,182,189,184,167,122,155,

31,118,134,124,135,135,139,129,115,111,128,177,218,223,220,221,220,222,220,220,221,222,223,217,220,220,219,219,219,222,222,221,221,219,220,219,220,220,219,218,219,219,217,220,219,208,182,148,127,138,148,155,158,150,132,123,119,120,115,116,135,172,210,224,223,218,219,227,232,235,235,236,235,234,234,235,234,235,235,234,236,235,236,235,235,235,234,236,236,235,236,236,236,235,234,235,235,234,235,234,234,235,234,232,224,209,211,211,206,206,203,202,202,203,204,203,202,204,206,211,212,206,142,109,125,125,121,121,164,204,211,206,201,211,213,211,207,201,188,188,195,187,189,177,179,157,118,150,209,212,214,217,219,220,218,214,213,205,204,205,181,121,149,205,202,201,201,208,179,143,180,188,186,188,165,129,

28,104,131,133,138,127,112,106,123,171,210,224,218,217,221,222,222,223,221,222,222,223,221,213,220,219,220,218,219,220,218,219,220,219,220,220,221,222,221,221,221,221,222,207,175,144,136,142,147,153,155,144,136,120,117,117,116,119,150,188,213,224,220,213,220,222,228,234,234,235,235,235,235,234,234,234,235,235,234,235,235,234,234,235,236,235,235,235,235,236,235,235,236,235,235,235,235,234,234,235,234,234,234,232,231,221,210,212,206,207,205,205,201,197,203,205,200,205,201,202,208,205,205,146,104,122,117,119,117,161,209,210,203,210,215,211,205,200,194,186,190,190,195,181,178,191,173,123,154,205,216,214,216,219,219,216,212,207,206,202,207,175,118,162,190,190,203,209,184,141,179,185,189,185,185,168,

28,110,136,118,105,104,124,167,213,223,222,219,219,219,222,219,223,223,222,224,222,222,221,221,220,220,220,220,220,219,219,217,219,220,218,218,220,218,220,225,222,200,169,146,137,144,149,154,153,146,124,113,120,122,119,127,150,192,221,224,222,222,220,218,222,229,233,235,235,235,235,235,235,235,234,234,236,235,235,235,234,236,235,235,235,235,235,235,235,236,236,236,235,234,235,235,235,234,233,234,235,234,235,234,232,232,222,210,208,206,203,207,203,194,204,206,202,201,200,199,204,205,205,209,146,101,119,127,122,117,161,207,208,210,214,214,207,201,201,195,196,195,200,181,177,195,207,155,126,159,207,212,212,217,220,217,213,207,207,203,205,205,169,118,161,200,204,208,193,150,176,183,191,190,191,183,

29,96,104,95,131,174,214,223,219,220,221,220,221,222,222,222,223,224,224,223,221,217,222,221,217,217,220,216,220,221,220,218,218,219,218,219,220,222,219,196,158,132,130,146,154,157,153,143,127,123,123,121,120,132,173,201,161,209,219,220,220,216,222,222,229,235,235,235,235,235,235,236,235,235,234,235,235,234,235,234,235,236,235,234,235,236,236,236,235,235,235,235,234,234,234,235,235,234,234,235,235,234,234,234,231,232,231,217,207,208,206,207,205,201,202,205,202,202,201,204,206,205,206,206,216,169,112,119,117,116,106,150,203,208,212,215,210,207,203,200,193,192,196,189,181,193,203,179,146,121,149,208,213,215,218,218,214,209,210,207,206,206,207,167,113,168,203,201,195,163,173,183,192,192,195,174,

26,88,128,179,220,223,220,220,221,221,220,220,221,223,221,222,222,223,222,221,221,222,220,219,217,217,220,215,217,221,220,219,220,219,218,221,215,189,154,140,135,145,155,160,153,136,126,125,128,123,123,145,183,217,228,176,193,221,222,223,222,220,223,228,233,234,235,235,236,234,234,234,235,235,234,235,236,234,235,234,235,235,235,235,236,236,236,235,235,234,234,235,234,235,235,235,234,235,235,234,234,235,234,234,231,231,231,228,213,205,204,207,205,203,204,206,203,205,201,201,186,206,203,203,212,215,179,112,119,119,105,110,148,202,210,213,213,207,205,203,197,190,192,190,187,198,205,183,166,141,124,157,205,213,215,214,214,210,213,209,207,205,201,207,163,119,178,205,202,161,158,183,191,182,156,119,

26,124,214,221,218,218,220,214,221,220,221,219,220,223,220,222,221,226,225,220,220,221,220,218,220,220,218,217,218,218,220,220,222,220,209,182,149,135,143,151,157,157,147,132,121,118,124,124,126,148,191,221,225,223,212,212,214,219,220,220,221,219,227,233,234,233,235,234,234,235,235,235,234,235,234,235,235,235,235,234,235,236,235,236,235,236,235,234,234,235,234,235,235,235,234,234,234,234,234,235,234,235,235,234,233,232,233,231,226,205,201,202,204,200,203,202,202,207,193,200,205,204,189,161,209,205,213,188,112,116,113,114,109,134,196,208,208,203,206,208,203,195,194,190,192,199,209,193,167,157,142,116,162,212,214,214,210,208,208,210,206,205,201,203,207,157,121,186,206,140,151,183,192,169,108,114,

31,137,213,219,219,218,221,222,221,220,220,221,224,222,219,223,223,226,223,220,220,219,220,220,218,217,217,218,216,215,221,222,211,171,141,133,145,152,155,154,144,125,117,121,123,116,128,164,204,222,225,222,223,223,220,213,207,214,220,221,219,224,232,234,235,235,234,235,234,234,234,235,234,235,234,236,234,234,235,235,235,236,236,235,235,236,235,235,234,235,234,234,235,235,235,235,235,234,234,235,234,234,234,233,232,231,232,231,232,221,207,193,202,201,204,204,207,207,197,203,204,202,203,190,205,205,208,216,189,127,116,115,116,107,129,191,207,170,185,212,208,196,199,199,204,204,207,204,177,161,162,145,105,162,213,213,213,210,209,212,209,206,204,203,204,192,134,128,189,156,149,181,187,185,118,133,

31,137,206,220,220,220,219,221,221,219,220,220,216,219,220,222,222,223,219,219,222,220,221,219,214,216,217,216,219,220,204,175,147,127,140,151,154,150,131,120,116,116,121,120,131,175,210,226,225,222,222,223,221,222,221,222,216,216,222,221,222,231,233,234,235,234,235,235,235,235,235,235,235,235,235,235,234,235,234,235,235,236,235,234,235,235,235,235,236,235,235,235,235,235,235,234,235,235,235,236,235,234,233,233,231,232,232,231,230,231,217,205,203,205,208,202,196,206,206,204,204,204,204,207,204,204,207,210,214,203,142,113,124,112,107,126,185,196,199,209,207,198,197,203,207,207,210,210,186,176,162,176,141,105,156,209,211,210,212,211,214,206,208,205,204,190,196,149,131,170,122,178,186,187,162,172,

30,137,210,220,220,219,219,221,220,218,219,219,210,219,220,215,221,220,217,218,219,223,220,219,217,217,220,218,198,169,142,140,143,148,150,144,128,118,116,124,124,116,136,179,211,227,224,222,221,220,221,223,221,220,221,221,221,222,221,222,227,233,234,233,233,234,233,235,235,235,235,235,235,235,235,234,235,235,235,236,235,235,235,235,234,235,234,235,235,235,235,235,234,234,235,234,234,234,234,235,235,235,235,234,232,232,231,232,231,230,226,207,200,204,207,204,198,201,200,206,205,203,205,205,206,203,205,207,205,209,212,147,110,124,114,111,121,172,195,204,209,203,198,198,203,209,209,208,196,175,167,173,166,144,106,154,209,210,211,215,216,211,212,208,204,200,192,202,132,145,105,169,185,193,195,202,

29,134,216,218,217,221,220,221,218,218,219,221,219,220,220,216,221,220,220,220,218,218,217,219,220,216,190,153,137,139,148,157,153,136,122,116,114,118,119,124,148,191,219,225,217,220,222,222,219,219,222,223,221,221,222,221,221,221,219,224,231,234,234,234,234,233,233,235,235,235,234,234,235,235,235,235,235,235,235,236,235,236,235,235,234,235,235,234,235,235,235,234,234,234,235,234,234,235,235,234,235,235,234,234,232,231,230,230,231,229,228,218,202,204,207,208,207,203,202,205,206,205,201,203,205,200,206,208,205,206,212,211,152,112,119,115,117,117,159,202,205,201,200,194,195,208,213,208,199,187,186,179,166,160,150,103,157,211,209,212,213,212,211,215,209,203,196,204,199,182,115,156,183,190,194,197,

29,137,216,220,218,220,220,221,214,217,220,219,221,220,221,221,220,219,218,219,219,218,220,213,180,146,133,144,155,158,148,131,114,112,112,118,115,124,156,199,224,224,222,222,222,218,218,223,220,219,223,224,220,220,223,223,212,210,219,227,233,234,234,234,234,234,234,234,233,234,235,234,235,234,234,234,235,235,235,236,235,235,235,234,235,234,234,235,234,234,235,235,235,235,234,234,234,234,235,235,235,234,234,234,233,232,232,231,230,229,228,226,209,204,206,205,204,205,205,205,207,205,204,203,200,195,199,207,206,209,208,209,214,162,115,114,117,117,122,167,202,194,190,200,197,206,212,210,201,195,202,185,173,173,177,152,106,142,203,210,212,214,212,215,215,206,200,204,204,198,168,166,183,188,193,196,

29,137,214,217,220,220,222,219,217,220,220,220,221,220,219,218,218,218,218,221,220,204,168,141,134,146,155,160,154,131,111,112,118,117,113,128,170,208,223,222,219,223,223,223,221,218,221,217,221,218,223,223,222,222,222,219,219,219,224,230,232,232,234,234,234,235,234,233,234,235,235,235,236,235,235,236,235,235,235,235,234,236,235,234,234,235,235,235,234,235,235,234,234,235,234,235,234,235,234,234,234,234,235,234,234,233,232,231,230,229,228,227,219,203,206,205,204,206,205,207,206,205,207,206,203,193,198,206,206,209,207,208,210,213,168,114,119,119,120,116,166,192,183,203,203,200,209,209,197,193,193,189,184,179,181,182,159,113,155,210,213,213,211,214,214,213,204,200,202,210,194,168,181,188,192,196,

31,135,215,221,220,221,222,218,217,220,220,218,220,219,218,220,220,219,215,200,161,133,138,146,156,157,145,131,117,115,122,121,121,136,176,212,222,220,221,211,203,224,221,221,222,222,221,220,204,200,222,222,221,221,223,184,204,205,227,231,232,233,233,234,234,234,233,234,235,234,235,235,235,235,235,236,235,235,234,235,236,236,235,236,235,235,235,235,235,235,235,236,235,234,235,235,236,235,235,234,234,234,234,233,233,232,232,231,231,230,229,228,225,202,205,205,202,208,206,205,208,208,206,206,207,197,196,200,205,207,209,208,210,208,217,174,108,112,117,114,107,154,171,197,201,206,205,208,205,194,188,196,189,183,191,191,200,161,114,161,212,214,214,213,214,210,207,204,203,208,197,153,180,187,191,187,

31,134,215,220,217,218,220,218,218,219,218,218,218,216,218,222,220,203,162,139,136,146,155,156,146,127,119,123,119,118,119,148,193,220,222,220,220,220,220,221,220,221,221,222,222,221,222,224,185,206,224,220,220,221,220,206,217,221,228,231,232,232,233,233,234,233,233,234,235,234,235,234,235,236,235,235,235,235,235,235,235,235,234,236,236,234,235,234,235,235,235,235,234,234,235,235,235,236,235,235,234,234,233,233,233,231,231,231,231,230,228,229,227,215,203,204,207,206,206,206,205,208,206,206,206,203,198,195,202,202,208,209,208,204,209,213,171,116,116,117,111,107,140,192,203,212,212,209,208,196,193,194,193,191,198,194,200,189,150,107,159,210,211,210,212,211,208,207,207,209,197,143,178,184,189,148,

30,134,216,219,212,217,215,214,218,218,217,218,217,218,217,195,159,138,142,150,158,159,144,125,119,126,125,119,124,151,201,208,212,222,210,215,222,221,219,218,222,221,222,223,222,221,216,220,225,222,220,219,213,218,219,222,219,222,228,230,231,231,233,234,234,234,234,233,234,234,234,235,234,234,235,235,235,235,235,235,236,235,235,235,235,235,235,235,235,235,234,235,234,234,234,235,234,235,235,234,234,234,234,233,233,232,230,231,231,230,229,228,226,221,205,207,205,201,203,206,207,203,205,208,200,205,203,202,203,205,204,206,207,206,210,208,214,188,117,113,116,113,107,155,202,208,211,212,207,199,189,198,187,191,198,193,201,198,181,143,106,155,210,211,212,213,210,208,206,208,212,167,168,183,192,179,

29,135,212,217,215,216,211,215,218,217,217,218,215,195,161,132,134,151,161,157,139,124,119,124,125,124,129,165,206,224,224,212,214,215,215,221,222,222,223,222,222,222,219,222,223,220,219,222,220,220,220,218,212,217,218,221,219,225,229,231,232,233,233,233,233,234,235,235,234,235,235,235,235,234,234,234,235,234,235,235,235,235,235,234,234,235,234,236,235,234,235,233,234,233,234,235,235,235,234,234,235,234,234,233,233,233,231,231,231,230,229,228,226,227,187,194,208,203,199,204,206,203,201,206,206,205,203,200,202,206,204,206,205,206,207,205,196,178,190,106,109,122,108,105,154,205,206,211,205,198,196,201,192,188,204,199,204,200,194,182,148,111,166,210,208,211,209,209,207,205,212,126,160,183,191,184,

30,134,213,217,217,215,209,216,219,221,213,194,159,143,148,151,161,157,140,122,118,121,121,119,136,181,211,222,223,219,220,219,220,217,220,222,222,222,222,222,220,222,222,222,220,222,221,221,220,219,218,219,220,218,220,219,219,226,229,231,232,233,233,233,234,235,234,234,234,235,235,235,234,234,235,234,234,235,235,235,234,235,235,234,235,235,234,234,233,234,235,234,234,235,234,234,235,234,234,235,234,234,233,233,233,232,231,231,230,229,229,228,225,228,200,136,184,207,199,201,203,204,203,205,207,205,205,202,204,207,205,205,206,202,206,209,206,189,212,193,109,103,115,117,105,152,200,208,206,197,201,203,197,195,200,199,208,205,198,195,185,154,110,168,209,208,208,202,206,205,213,171,175,181,190,182,

30,137,213,217,216,211,214,220,210,183,152,144,151,162,164,152,137,122,118,122,121,122,140,179,214,225,218,218,223,222,218,220,221,221,221,222,220,221,222,222,221,220,222,220,219,222,221,220,220,217,216,219,219,218,218,217,222,228,230,232,233,233,233,233,234,234,234,235,236,234,234,235,234,235,235,235,236,235,235,235,235,236,235,235,234,234,234,233,235,235,234,236,235,235,235,235,235,234,234,235,233,234,233,232,232,232,232,231,231,230,230,229,227,226,222,146,124,170,197,198,204,204,204,206,206,206,206,203,203,207,205,203,207,202,205,207,206,206,207,214,193,112,100,119,119,108,138,194,207,197,194,204,196,198,197,195,195,205,202,194,182,187,147,108,167,204,193,193,204,203,214,190,163,181,187,188,

31,136,212,218,216,211,199,176,152,147,150,160,163,154,132,120,121,127,122,115,134,186,219,223,217,219,216,219,222,220,221,222,220,219,221,221,220,219,223,220,220,214,220,222,220,222,220,219,220,219,217,217,219,218,217,216,224,229,231,231,233,233,234,234,235,234,235,235,236,235,236,236,235,235,236,236,235,236,235,235,234,234,235,235,235,234,234,235,236,236,235,235,235,234,236,235,235,235,235,235,235,234,233,233,233,233,232,232,231,230,230,228,227,226,226,175,125,125,158,195,200,203,203,205,206,205,206,204,205,205,207,206,205,205,207,210,207,208,209,209,213,201,118,101,124,115,108,133,193,201,197,198,193,195,207,195,194,202,205,196,181,184,176,131,111,166,197,187,204,203,213,196,163,181,185,193,

29,134,216,220,200,162,139,132,150,159,163,155,133,123,123,125,121,121,136,154,214,223,220,220,220,219,220,220,222,218,221,222,221,219,217,209,223,217,218,217,217,220,220,221,220,221,220,219,219,219,218,219,219,213,213,219,224,229,231,230,233,232,233,233,234,235,235,235,234,235,234,235,236,236,236,235,235,235,235,234,234,234,235,235,235,235,235,236,236,236,235,234,234,234,234,235,236,235,235,234,235,234,234,234,232,232,231,232,231,230,230,230,228,226,225,203,131,125,119,144,194,203,200,205,204,203,204,206,205,205,206,207,206,206,205,205,203,209,211,213,209,212,206,126,103,120,119,106,132,192,196,188,187,191,208,207,200,208,205,205,189,189,182,159,138,110,168,192,196,203,208,202,175,180,185,195,

28,133,192,164,139,135,143,151,152,148,134,127,120,119,118,126,152,187,203,205,220,219,219,221,206,215,222,222,217,220,222,221,221,219,197,204,222,220,215,219,220,221,221,219,218,219,218,218,217,217,216,218,217,218,219,221,225,229,231,231,232,233,232,233,234,234,234,235,235,235,235,235,234,235,235,235,235,235,235,235,234,235,235,236,235,235,235,235,235,235,234,235,235,236,235,234,235,235,235,234,234,235,235,234,233,233,233,231,231,230,228,229,228,225,225,218,156,123,124,114,131,189,203,204,203,203,203,203,204,206,206,203,208,205,206,206,206,207,210,212,210,208,212,210,134,103,122,125,110,135,194,192,186,188,204,204,207,211,204,206,194,192,193,163,173,149,114,171,199,206,205,209,162,171,182,193,

28,116,146,139,140,147,149,144,128,123,125,122,115,132,182,200,225,222,218,215,218,220,218,219,221,221,222,221,219,221,216,221,219,221,222,220,220,222,219,214,220,221,220,218,217,215,215,218,217,214,216,217,217,217,219,223,227,229,231,232,231,232,233,234,234,236,234,235,235,234,235,235,235,234,234,234,234,235,235,235,235,235,234,236,235,235,235,234,235,235,235,235,234,235,235,234,234,235,235,235,235,235,235,234,233,233,233,232,231,230,230,230,228,226,224,223,169,131,121,118,116,127,176,201,201,199,203,202,205,207,206,206,204,196,204,205,203,207,210,212,211,208,208,206,205,141,110,130,128,111,136,188,181,190,204,197,202,211,208,210,202,194,199,173,169,179,143,116,176,204,202,209,165,169,182,190,

26,116,161,151,140,129,126,125,124,121,120,130,178,213,224,222,220,219,219,214,215,220,220,220,220,221,221,220,220,220,209,221,221,220,220,218,219,220,219,220,221,220,217,217,218,217,220,218,217,218,217,217,218,216,219,224,228,229,231,230,232,233,233,234,235,236,234,234,235,235,234,236,235,235,235,235,234,235,235,234,234,234,234,235,235,234,235,235,235,235,235,235,235,235,235,234,235,235,235,235,235,235,234,233,234,234,233,232,231,230,230,229,228,228,225,226,185,118,127,125,124,118,115,163,199,199,203,200,204,207,205,206,205,203,205,206,204,201,208,210,210,208,209,204,198,202,150,114,124,127,112,127,138,170,203,203,201,209,211,213,206,199,199,181,178,181,185,155,117,171,205,205,181,182,180,185,

29,115,138,124,121,125,122,118,131,174,198,206,223,220,216,219,217,217,220,218,218,220,220,220,221,219,221,220,221,221,222,218,220,220,220,219,219,218,220,220,221,217,215,216,218,219,211,219,218,217,215,215,216,217,220,224,227,229,230,230,232,233,234,235,235,235,234,235,235,235,235,234,235,234,235,234,234,235,235,235,235,236,235,234,234,234,234,235,234,234,234,236,236,235,235,235,235,235,234,234,233,234,234,233,235,233,232,232,232,231,230,229,228,228,226,225,214,145,113,128,126,127,117,109,153,199,200,198,202,205,203,204,206,204,204,205,206,200,206,209,210,206,208,205,207,202,213,158,105,124,117,116,121,156,197,199,207,206,210,208,206,204,206,183,184,186,185,190,147,115,174,191,180,180,180,184,

27,99,120,120,121,125,150,179,213,225,222,222,216,219,217,217,217,220,221,217,216,219,218,219,211,219,219,220,218,220,219,218,218,210,220,219,218,218,219,218,217,217,215,216,218,219,211,214,212,216,214,216,215,215,221,224,227,229,230,231,231,233,233,234,235,234,235,234,235,234,234,235,235,235,235,235,234,235,235,236,235,234,235,234,234,234,235,235,234,234,234,234,235,234,234,234,235,235,234,234,234,234,234,233,234,233,233,233,231,232,230,230,228,228,227,224,219,212,162,112,122,129,123,122,112,144,196,202,199,201,203,202,203,195,201,206,207,206,204,206,208,204,207,205,209,209,209,217,169,113,120,125,118,124,182,198,203,207,208,209,207,201,207,194,193,191,183,189,191,153,120,139,150,181,179,181,

27,101,120,130,157,189,217,224,222,220,220,221,219,207,219,215,221,222,223,218,217,216,219,220,217,217,220,216,215,219,219,217,217,212,218,218,218,218,219,217,215,218,220,218,217,217,220,214,214,215,215,218,216,217,221,225,226,229,229,232,233,232,232,234,234,235,235,236,235,235,236,236,236,234,234,234,234,235,236,237,236,236,236,236,236,235,235,236,236,235,236,235,234,234,235,235,235,235,235,235,235,234,235,234,233,233,234,233,232,231,231,230,230,229,229,226,220,208,214,179,116,118,126,126,123,113,135,190,202,202,203,204,203,199,199,203,203,204,205,204,207,205,205,205,209,207,208,209,215,174,107,116,119,120,119,178,201,208,210,209,206,199,204,202,197,198,185,192,190,187,149,124,157,183,181,182,

26,108,175,203,217,221,221,212,213,221,220,221,221,222,219,220,220,220,220,219,220,218,216,219,221,216,218,218,216,219,218,216,219,219,218,218,218,217,215,216,217,216,216,217,216,218,219,218,216,214,216,215,217,219,223,226,227,228,231,232,233,233,233,235,236,235,234,233,230,226,222,219,217,214,212,213,213,214,216,219,221,223,225,227,229,230,232,234,235,236,236,236,235,236,236,236,237,236,236,235,236,235,235,235,234,235,234,233,233,232,231,231,230,229,230,227,223,211,209,210,185,130,123,130,125,119,108,127,185,202,201,202,200,205,203,201,201,203,205,203,205,205,206,207,208,207,206,206,207,215,178,108,112,127,115,115,175,210,208,210,208,198,204,204,195,195,188,195,196,188,182,168,186,163,175,183,

28,133,217,218,217,218,223,211,213,221,220,215,211,222,220,220,218,220,219,220,220,219,210,218,214,215,219,220,221,218,205,211,220,217,217,218,217,219,213,218,218,216,217,216,218,218,218,215,213,214,212,213,215,220,224,225,229,229,231,232,233,234,233,230,224,216,207,197,190,184,179,177,175,173,171,170,171,172,174,172,173,171,170,173,182,179,178,182,189,195,201,207,210,213,215,218,221,222,224,225,226,228,229,231,232,233,233,234,235,234,233,232,231,230,230,227,224,214,208,204,199,202,135,111,121,123,121,111,118,169,202,199,200,202,202,201,201,203,203,206,203,204,200,207,206,205,207,207,206,207,215,182,111,119,125,111,119,182,207,209,211,198,198,206,198,198,197,199,202,199,188,194,190,145,167,184,

29,136,212,215,218,219,219,221,220,219,218,219,218,221,219,220,217,218,218,220,219,219,220,219,217,217,217,219,219,218,220,208,209,217,215,215,214,215,213,215,215,216,218,217,215,213,214,216,216,219,201,169,177,222,224,226,229,230,231,233,231,222,209,199,189,184,180,179,179,178,176,172,168,161,155,146,138,132,125,122,121,118,114,113,113,111,108,107,111,115,118,124,132,135,137,136,140,143,148,156,164,170,178,183,188,193,197,202,208,215,220,223,227,228,229,228,227,219,209,209,209,213,198,137,114,126,126,123,115,114,158,193,199,199,201,201,204,203,204,204,203,203,204,208,208,206,206,208,205,205,208,211,188,113,118,123,123,121,181,206,204,201,202,204,201,199,198,203,201,199,194,189,190,165,186,181,

28,136,214,218,218,217,219,220,221,221,219,219,220,220,220,221,220,217,219,217,217,220,214,216,218,216,219,218,218,218,219,214,218,217,215,215,217,217,217,215,212,217,217,217,216,215,214,206,181,154,133,135,185,225,225,227,229,231,229,218,202,190,185,185,186,185,181,176,167,160,150,139,135,129,123,115,113,109,106,103,101,98,97,96,95,91,93,91,93,95,95,103,111,110,108,97,96,98,103,110,114,119,126,134,141,146,151,156,160,164,168,174,181,188,195,203,209,215,217,219,217,214,208,206,177,122,125,127,122,116,110,145,188,198,200,201,202,207,205,203,203,203,203,207,209,207,205,207,204,204,208,205,209,191,117,114,132,123,124,180,204,200,206,208,202,199,198,200,200,204,200,188,188,169,188,183,

31,135,214,219,215,217,220,218,221,219,219,220,220,220,219,218,220,217,219,216,217,218,213,211,217,217,217,217,217,215,218,217,213,214,216,217,216,217,214,213,214,218,217,219,208,188,164,141,137,133,132,146,204,224,225,229,230,218,200,190,188,188,185,177,168,158,147,140,134,131,129,126,122,118,112,103,99,96,93,95,91,84,81,82,81,79,76,79,80,80,86,94,99,103,102,84,86,85,86,92,98,103,109,113,119,125,130,138,146,156,162,163,164,164,163,165,169,175,180,189,199,209,217,218,210,178,137,113,120,124,119,109,137,187,202,201,203,187,183,203,202,202,202,206,205,206,204,205,202,207,209,205,201,207,187,121,114,131,121,126,174,203,201,206,201,197,198,200,204,208,206,189,172,175,191,184,

31,134,214,218,217,220,221,221,219,218,219,218,220,220,219,218,216,216,219,217,217,215,218,216,215,216,215,210,218,216,214,215,212,215,214,216,215,205,210,214,217,214,200,171,142,137,134,137,144,146,145,155,214,225,226,220,204,189,185,185,173,154,139,135,136,132,129,127,126,122,118,116,113,109,103,96,83,75,82,91,92,88,86,90,87,89,89,93,95,90,91,93,89,85,85,76,76,78,80,84,83,86,94,103,107,113,118,121,121,125,133,152,167,171,170,170,169,171,171,169,171,174,182,196,211,211,203,142,111,123,125,123,112,125,176,199,200,189,187,199,201,200,203,204,207,206,205,205,200,205,210,207,204,206,205,196,136,111,126,123,118,163,197,201,202,197,198,201,207,208,208,199,183,180,192,187,

30,135,213,217,218,220,219,220,217,217,219,218,212,218,218,218,216,217,216,215,213,212,216,216,215,217,216,218,219,203,216,214,216,210,205,215,216,215,215,200,188,157,139,139,133,141,141,140,145,149,155,179,221,216,207,194,187,180,162,142,127,126,129,128,127,127,127,124,120,115,109,108,104,103,103,104,101,89,95,101,104,106,109,112,113,116,115,115,114,111,108,105,101,99,97,96,83,69,68,76,87,88,84,85,92,100,107,114,120,122,118,114,134,150,164,172,174,174,175,173,171,173,175,171,186,211,213,208,156,110,121,128,119,110,116,169,200,189,198,199,198,200,204,203,205,204,205,204,206,205,204,201,201,204,206,203,209,151,115,127,124,116,152,202,198,197,202,204,204,209,208,199,197,184,185,195,

30,136,213,216,217,218,219,221,219,219,219,217,208,217,217,216,215,217,216,215,213,216,215,216,212,213,219,219,218,216,218,216,214,208,213,215,208,193,167,145,135,136,141,140,143,145,139,128,171,205,215,214,204,200,194,183,158,129,121,126,128,130,131,129,127,124,119,114,110,107,105,103,106,110,109,110,113,110,110,111,111,111,114,113,114,117,119,118,119,120,116,114,113,110,108,104,98,94,96,101,103,100,94,84,82,87,98,104,110,115,118,122,135,129,134,157,174,176,178,179,177,178,180,179,174,204,210,207,206,171,116,117,130,120,110,112,161,195,194,199,196,197,204,202,202,206,206,205,205,205,203,201,203,204,206,200,208,214,157,108,129,128,119,153,198,194,196,203,205,207,205,197,193,195,158,158,

29,135,208,217,211,214,218,219,219,219,219,213,218,213,213,208,216,218,215,217,218,218,218,218,211,214,218,216,216,216,215,214,214,209,196,173,142,127,133,141,142,144,142,146,148,135,111,157,215,210,203,203,202,201,176,133,115,116,125,132,130,130,129,125,119,114,109,106,103,102,105,108,113,117,117,116,115,115,114,114,116,116,118,120,117,118,120,118,119,120,119,117,116,115,112,111,105,105,108,110,111,110,106,92,77,81,85,91,100,106,113,116,128,133,131,122,138,172,179,181,182,180,181,181,175,201,210,210,209,211,190,125,110,123,121,112,108,146,189,197,193,201,201,201,202,205,205,205,205,205,204,208,206,204,206,202,205,211,210,157,109,127,131,117,145,198,198,198,206,209,206,199,182,186,170,142,

31,134,206,215,213,215,218,218,218,218,216,209,214,217,216,216,215,217,216,217,218,218,219,218,217,213,216,213,214,218,214,209,191,164,139,127,132,136,140,142,147,143,138,136,123,111,127,198,206,204,206,204,198,159,117,113,119,120,127,133,130,127,120,116,109,106,105,105,104,108,113,115,116,117,117,118,116,117,116,116,118,118,119,119,115,118,121,121,117,117,118,115,116,117,115,110,112,114,113,111,111,113,111,106,89,74,75,83,87,95,103,109,111,115,128,132,116,134,173,178,182,182,184,185,176,201,210,210,209,209,214,203,140,112,128,122,116,106,133,184,192,196,201,200,201,206,206,205,205,208,203,204,204,205,207,206,203,211,208,209,164,112,125,133,118,146,198,196,203,212,210,201,191,185,200,179,

30,134,214,218,218,218,216,216,217,216,217,216,216,216,217,217,216,215,214,215,213,217,216,216,217,211,215,215,218,206,182,154,136,136,141,141,143,146,148,142,136,127,116,106,102,99,152,200,203,204,203,191,156,118,108,118,121,121,127,132,124,117,111,106,104,105,105,108,111,112,115,117,119,119,118,118,119,120,118,119,121,120,116,115,113,113,118,121,119,114,117,118,118,118,116,111,114,117,115,114,110,111,113,109,102,92,82,77,81,87,96,104,111,112,116,116,112,106,144,171,179,181,183,183,179,203,210,209,208,208,209,212,213,156,119,128,123,111,108,125,175,193,199,202,200,203,206,205,205,206,203,203,203,201,207,209,207,209,207,205,212,173,113,123,132,118,142,198,205,206,210,208,197,194,186,125,

30,135,213,218,217,217,217,216,218,216,217,216,212,215,217,218,216,215,214,216,212,216,215,213,217,218,209,189,160,145,140,143,143,146,150,151,144,132,127,122,107,102,101,103,104,102,157,198,204,205,191,160,136,123,116,122,124,123,124,128,127,110,104,104,104,106,111,114,116,117,118,118,119,120,119,118,118,119,119,121,117,113,112,106,106,109,113,117,116,114,113,118,120,116,119,112,113,115,114,116,113,111,112,112,108,101,94,86,78,84,89,99,107,113,116,105,108,110,118,162,172,178,181,177,187,206,207,207,204,209,211,209,211,214,167,116,119,121,116,108,114,168,194,197,204,203,206,201,205,205,201,203,204,199,204,204,206,208,209,205,206,207,178,110,122,131,120,138,186,205,201,202,203,196,193,131,

31,137,213,218,216,220,217,218,217,215,217,216,214,217,217,216,214,215,214,216,216,216,216,211,197,171,141,138,137,141,145,150,149,147,149,136,123,114,107,104,105,106,105,107,110,110,149,199,205,195,172,147,136,129,118,124,125,124,118,124,132,117,104,103,109,114,115,116,117,114,118,120,119,119,120,118,118,118,115,109,103,95,98,98,98,102,104,113,112,112,111,118,118,115,118,114,112,111,111,111,112,108,110,111,108,104,100,99,91,85,90,94,102,110,115,107,106,113,113,152,168,174,180,177,196,207,205,207,206,209,211,207,207,205,214,172,117,112,120,115,110,113,160,192,200,201,203,203,204,206,200,202,202,204,206,199,202,209,207,204,210,207,210,187,116,116,129,120,123,181,198,191,207,203,199,151,

29,135,213,219,210,216,207,214,218,217,216,214,218,216,215,216,215,214,214,215,217,207,179,152,137,136,140,143,146,147,145,144,134,123,114,112,106,104,105,105,107,106,106,107,109,106,146,199,198,183,163,145,136,128,117,126,124,119,111,111,122,114,105,110,115,117,117,117,115,113,116,114,111,116,117,115,114,110,101,86,81,87,89,93,94,100,104,106,107,109,109,115,117,113,114,107,104,102,99,101,109,108,107,109,107,106,106,106,101,93,89,94,98,104,111,109,107,116,115,146,171,175,176,184,204,207,208,209,207,206,210,206,206,210,210,216,199,129,107,119,121,115,113,147,189,203,203,204,204,203,204,205,204,202,208,204,201,208,203,203,199,206,207,211,190,118,113,128,120,120,178,205,197,190,190,169,

29,136,212,218,217,217,215,215,214,217,216,214,217,214,215,217,218,217,210,190,162,142,137,140,143,149,147,150,141,133,125,110,108,107,101,101,99,99,106,109,107,106,110,108,111,110,130,195,194,174,151,136,140,126,117,126,118,110,104,104,102,102,110,115,119,120,118,120,117,112,109,108,106,107,106,103,98,91,85,80,79,85,88,89,92,102,103,103,104,107,109,113,116,113,111,102,103,97,92,92,96,104,107,105,106,106,107,108,106,104,94,95,98,104,109,114,118,121,125,147,172,182,178,187,198,204,208,207,209,206,208,208,207,209,212,212,217,209,152,110,120,119,112,108,134,184,202,203,203,204,202,204,206,204,207,205,205,208,206,205,201,205,208,205,210,199,121,113,132,119,119,177,200,188,187,185,

29,136,210,219,215,216,216,216,215,216,214,217,217,215,217,215,197,172,147,137,139,138,145,147,132,135,126,111,107,105,104,101,102,101,101,103,106,108,107,109,111,112,111,108,110,110,117,184,195,177,155,138,137,124,121,121,111,103,98,96,91,109,117,121,121,122,121,119,113,104,101,101,102,102,96,95,85,78,73,71,77,85,91,91,95,100,100,103,109,107,108,111,112,114,107,103,97,91,88,81,80,88,101,107,107,105,106,107,110,109,106,94,96,101,114,121,132,126,134,149,169,176,183,197,207,204,208,208,208,208,207,210,206,202,211,214,211,211,214,177,119,116,118,115,110,126,180,201,202,203,201,202,206,206,206,205,207,208,208,205,207,207,208,208,206,210,203,130,113,129,121,120,174,193,192,184,

31,135,214,218,216,216,215,213,212,214,218,218,201,198,182,158,142,140,143,145,153,141,144,122,114,111,105,105,106,101,102,103,105,105,107,109,106,109,109,110,112,113,111,112,111,111,109,156,196,182,163,144,136,129,124,114,104,95,92,79,97,116,121,123,123,123,120,114,110,110,106,104,97,95,91,84,75,68,74,80,83,89,93,98,101,99,103,107,107,106,105,108,110,110,106,102,98,94,84,78,74,75,82,93,102,104,100,100,105,110,114,97,96,108,118,119,136,134,143,160,173,178,200,207,205,205,207,206,207,208,207,209,207,208,209,213,211,209,206,210,190,127,115,119,122,110,119,168,195,201,198,203,204,205,203,203,207,206,206,206,208,210,207,207,208,206,210,203,135,104,122,122,123,172,195,191,

30,137,213,215,212,215,214,211,214,212,199,171,146,149,145,145,148,149,152,147,134,118,112,106,108,105,104,101,105,105,105,104,107,110,110,109,107,109,108,109,110,112,113,112,113,112,110,122,183,191,175,153,138,135,127,109,96,89,80,78,106,120,124,124,127,125,122,118,115,110,105,99,97,93,89,88,85,87,89,93,96,97,98,101,102,102,104,106,107,105,106,107,108,102,105,102,100,97,87,81,72,68,71,77,87,94,94,92,94,103,111,104,94,109,106,119,141,144,158,171,177,195,209,205,203,206,208,207,208,208,203,205,200,209,210,212,209,210,212,210,213,201,133,109,117,118,113,112,155,190,198,202,203,204,202,206,207,208,208,207,209,209,200,203,207,207,207,208,206,140,103,119,124,122,167,200,

31,137,211,214,212,217,217,202,185,170,147,134,129,142,143,150,150,144,127,119,108,103,106,105,104,104,102,103,105,107,109,108,109,111,112,110,111,111,108,108,108,109,112,112,112,111,111,108,129,182,186,166,151,142,129,107,95,87,74,88,110,123,125,126,127,125,122,120,114,110,112,112,106,107,107,103,99,95,89,89,93,95,95,100,103,104,107,109,111,109,108,109,107,103,103,98,97,96,91,86,76,69,67,71,74,81,87,90,91,97,101,106,93,96,102,125,151,164,174,180,195,205,203,208,204,207,207,198,209,209,205,207,203,208,207,213,209,210,211,211,210,212,208,151,110,117,116,115,111,144,187,195,200,201,203,203,204,206,207,207,209,208,206,206,203,206,206,207,211,213,155,102,122,122,120,154,

31,136,215,217,211,197,173,143,136,137,140,144,138,140,134,136,129,116,109,101,100,98,100,105,108,107,107,107,108,108,108,112,113,110,110,111,111,110,109,108,109,109,109,110,111,110,111,110,106,128,173,186,173,156,135,106,94,83,76,91,111,124,127,130,125,120,119,115,110,110,112,111,110,109,104,91,79,67,70,75,75,80,85,88,95,98,103,109,111,113,110,110,108,103,94,92,92,92,92,93,89,82,75,71,71,78,87,88,86,91,97,102,96,99,111,145,169,174,181,201,204,204,194,183,206,210,203,205,210,208,207,207,208,209,208,211,211,210,209,212,210,210,212,214,167,115,115,113,114,110,133,180,195,197,202,203,202,203,206,208,208,207,207,206,204,203,205,208,209,211,215,160,104,114,123,118,

30,137,200,182,157,141,132,135,148,148,145,145,148,141,122,110,103,100,97,103,107,107,108,109,107,105,106,109,111,108,110,110,107,112,112,113,113,111,110,110,110,109,110,110,108,109,109,110,110,104,111,154,184,182,165,138,105,77,80,93,110,126,130,133,128,120,117,111,109,111,109,110,108,90,74,69,66,65,67,74,73,69,73,79,85,91,96,105,112,114,114,114,110,98,83,82,85,82,78,74,75,82,89,91,93,93,93,90,90,94,99,109,107,104,137,167,178,191,198,203,204,204,200,200,205,204,208,207,207,209,202,202,208,206,207,211,211,210,209,212,194,191,211,210,216,189,119,115,113,115,108,132,175,193,195,201,204,203,205,208,207,207,206,208,205,201,204,208,210,210,207,204,163,105,116,133,

30,120,156,140,146,146,138,130,147,142,141,131,124,106,102,100,104,108,108,107,106,106,108,109,110,109,110,113,112,111,112,111,112,112,113,111,110,110,109,110,111,110,110,110,110,108,108,107,108,111,107,104,125,155,164,147,105,79,83,97,111,128,133,134,125,117,111,109,109,111,107,96,82,73,74,70,68,64,60,61,68,66,65,74,82,88,96,101,111,115,114,113,111,91,75,75,71,63,58,60,66,67,76,87,95,100,99,98,97,100,102,111,120,137,171,187,196,199,202,204,205,205,205,209,204,193,206,206,207,208,202,207,207,205,206,209,210,208,209,206,201,199,208,213,210,217,185,119,112,114,112,110,131,174,193,197,200,203,205,205,208,207,207,208,207,202,204,206,210,209,205,201,211,172,135,147,

27,113,150,153,160,147,129,114,126,123,107,103,105,103,101,106,106,109,109,108,108,109,109,107,109,107,110,111,112,110,112,112,113,111,112,111,110,111,110,109,110,107,109,111,110,108,106,107,109,109,108,109,107,107,114,101,84,76,84,95,111,128,135,133,121,113,108,108,105,94,88,88,89,87,82,73,64,59,57,57,61,65,70,76,81,86,95,101,108,115,116,115,115,90,70,65,55,51,51,58,65,67,66,75,85,94,97,99,98,100,103,110,125,131,120,168,202,199,198,202,205,204,203,208,206,204,206,207,211,208,202,207,208,207,202,207,206,208,207,205,207,208,207,211,212,211,217,198,126,108,113,114,114,117,160,190,194,198,204,203,206,208,205,204,204,206,205,207,209,210,210,208,206,210,183,161,

29,120,163,147,138,120,102,115,114,105,102,108,102,104,105,108,108,110,109,106,106,107,106,106,107,108,108,108,109,110,111,112,112,110,109,109,109,109,109,108,108,108,109,110,108,108,105,104,106,107,106,105,106,108,106,92,81,66,85,93,113,131,138,132,119,109,107,99,82,77,80,74,64,54,49,46,43,43,43,44,46,58,72,81,81,86,95,103,111,117,119,119,117,97,68,58,51,48,47,57,65,69,71,69,69,79,96,100,98,99,102,108,119,109,103,104,144,190,198,201,205,204,201,203,206,203,198,206,209,206,203,202,211,209,207,205,208,209,206,209,210,203,205,210,206,211,210,217,206,140,110,119,122,113,116,144,180,190,197,200,204,208,205,204,203,201,207,207,207,207,210,207,205,206,210,207,

31,107,135,120,110,109,107,101,98,96,94,98,97,99,100,96,101,104,105,105,104,106,105,106,107,107,109,110,111,111,108,112,110,109,109,110,109,108,107,107,107,107,108,108,107,107,106,108,108,106,106,106,107,104,100,85,77,69,84,89,115,136,140,131,117,108,101,91,87,86,73,60,62,64,66,68,67,65,65,65,67,70,75,79,85,94,99,108,115,122,124,121,119,109,74,62,50,44,42,46,53,58,65,74,81,75,75,98,102,97,101,108,120,113,113,105,100,122,176,203,200,203,202,200,201,204,205,204,204,207,202,190,208,209,206,209,207,203,207,209,208,208,208,207,206,212,210,208,215,212,156,111,118,116,110,124,143,175,194,197,198,203,206,206,206,205,205,205,207,209,209,207,209,206,207,208,

30,98,111,119,148,175,171,148,118,88,86,87,90,91,90,91,93,94,97,101,101,102,102,104,105,102,105,106,106,109,110,110,109,107,107,107,109,110,109,107,108,107,107,106,107,107,109,110,108,107,107,105,107,105,94,85,74,71,82,89,119,139,140,132,122,111,106,105,104,99,94,90,91,94,94,92,87,87,83,78,78,78,78,86,96,99,105,114,121,125,127,125,122,116,89,69,60,50,46,45,46,46,44,44,54,71,79,72,93,97,100,107,113,99,115,119,111,106,109,153,192,199,200,200,202,202,202,207,206,206,205,205,206,208,207,209,208,205,207,210,208,208,208,207,210,212,213,209,211,211,215,169,115,111,115,113,120,135,169,193,193,198,205,207,206,208,205,206,209,208,207,209,207,204,203,208,

26,110,160,199,215,193,195,212,204,159,97,77,75,77,79,80,84,85,89,91,93,96,98,98,100,101,101,102,104,106,108,105,104,106,105,105,107,108,109,108,107,109,109,109,107,107,110,108,105,105,107,106,105,110,122,106,84,73,83,92,124,139,138,133,131,129,126,121,114,109,104,102,98,96,92,89,86,82,81,82,81,88,96,102,103,106,113,121,123,127,129,130,127,122,104,82,66,60,57,60,67,73,70,66,59,51,59,69,67,92,96,106,108,93,96,107,117,116,105,97,127,181,199,201,202,201,202,206,206,203,201,205,201,201,205,206,206,207,207,207,207,209,206,208,207,210,212,213,212,210,208,214,195,139,106,117,116,109,125,172,191,192,199,204,205,206,206,206,208,207,207,208,206,202,205,210,

29,134,196,213,203,195,196,211,213,212,182,117,78,65,66,69,73,76,79,80,84,87,90,94,94,94,96,98,102,106,106,104,105,105,105,104,104,105,106,108,108,107,107,107,104,106,109,108,107,106,106,105,106,122,128,125,101,82,85,96,131,141,139,138,136,135,134,131,124,117,111,108,104,100,97,94,91,92,90,91,99,107,109,111,113,119,122,126,127,130,133,135,131,127,115,97,86,70,63,64,68,78,85,87,87,83,72,75,77,81,96,112,107,88,89,89,100,118,118,107,101,111,160,198,199,200,200,204,205,204,203,203,192,198,206,207,207,208,203,206,205,208,208,207,207,209,209,210,210,210,209,210,210,207,149,107,112,113,108,104,148,173,192,196,203,204,204,206,207,209,210,207,207,205,206,208,

30,135,203,212,209,189,193,198,197,199,204,186,134,92,66,57,61,65,67,72,74,77,80,85,87,89,92,94,97,100,103,102,102,102,103,103,102,103,104,104,105,106,107,106,106,106,105,107,109,108,107,106,112,115,99,114,117,105,90,103,138,142,142,139,139,139,138,135,133,131,129,123,118,114,112,110,106,102,101,106,112,115,116,116,120,125,126,128,127,131,134,136,134,129,120,107,99,92,77,71,72,74,79,81,83,88,91,91,92,97,100,113,107,91,91,91,94,95,108,117,115,101,98,137,186,198,199,201,202,204,204,201,198,205,207,209,209,197,200,206,206,207,202,201,209,209,210,209,209,206,206,209,210,209,209,167,113,109,115,108,103,140,186,194,198,203,204,205,206,209,211,208,208,209,209,207,

29,137,207,215,199,188,191,194,193,190,190,194,181,153,114,81,57,53,57,61,65,70,73,76,78,81,86,87,92,93,97,98,96,96,98,100,99,99,101,103,103,104,103,102,104,104,105,107,107,106,107,105,113,110,98,104,120,117,102,115,142,139,141,141,141,142,141,138,139,138,136,133,129,124,121,120,117,113,113,115,118,119,121,123,127,128,129,125,127,133,138,140,141,133,124,116,103,103,98,87,83,86,88,90,94,96,99,104,110,114,116,123,112,101,100,92,92,93,90,98,113,116,105,100,116,169,198,198,204,203,204,201,200,204,204,194,205,205,198,202,206,207,206,207,207,210,209,209,209,208,207,209,210,208,205,208,179,120,109,117,112,113,132,179,197,198,201,202,205,208,211,210,207,208,209,207,

30,137,215,210,194,193,192,192,193,186,186,188,184,185,161,124,100,69,53,51,56,59,66,69,73,74,75,79,85,86,90,91,92,95,96,98,98,98,100,99,101,100,101,102,102,101,103,103,102,104,105,102,114,107,99,108,124,119,117,130,143,139,143,144,143,145,142,143,143,141,141,141,138,133,131,124,121,122,124,121,122,123,123,125,129,130,128,126,130,134,140,143,142,135,124,122,113,107,104,103,96,96,96,98,103,103,108,112,118,121,123,130,124,105,100,95,90,87,93,92,94,108,116,110,104,103,141,186,200,200,201,202,190,193,204,199,205,194,202,202,203,206,204,206,208,208,207,205,210,207,206,207,208,205,207,205,210,195,123,107,116,110,107,128,179,197,195,201,204,207,211,210,210,209,206,207,

30,137,210,189,189,189,190,185,186,193,181,189,186,179,181,156,125,109,86,65,50,49,54,57,61,65,68,73,76,79,82,86,88,89,92,96,97,95,99,100,99,98,98,100,101,101,104,105,104,102,102,102,116,108,102,114,127,119,121,135,143,142,144,145,146,144,143,146,145,143,145,144,141,139,134,129,125,127,127,127,123,124,127,126,128,130,129,130,133,135,140,148,143,138,127,122,118,112,109,105,108,106,105,109,111,113,119,122,122,124,128,133,127,115,97,93,91,89,93,91,90,92,103,117,113,108,99,119,179,200,193,200,201,202,203,208,203,203,206,203,202,205,205,205,206,207,207,204,207,208,206,206,204,206,207,209,207,211,201,135,110,115,113,108,115,164,188,196,203,204,207,211,211,211,207,208,

29,137,207,188,187,184,187,180,190,194,164,182,187,184,186,178,147,124,104,96,83,61,47,49,53,56,60,64,69,71,76,81,84,88,89,89,92,94,94,94,96,95,99,99,97,100,102,103,102,101,102,104,120,109,104,121,130,128,129,138,144,143,144,146,147,148,148,146,148,149,148,146,141,140,134,130,125,125,125,126,126,126,127,125,125,126,129,134,138,145,163,180,169,149,132,123,117,116,112,108,106,112,112,115,118,122,126,129,127,126,129,136,115,108,99,97,95,91,94,91,85,90,94,102,107,116,112,105,106,154,189,199,200,200,203,207,202,206,205,200,200,202,203,201,205,206,208,206,208,208,207,206,208,204,207,209,208,208,210,206,151,114,112,115,108,111,150,187,199,203,205,209,207,208,205,206,

30,140,200,186,190,192,188,194,180,174,190,190,189,189,184,180,165,138,125,115,106,92,75,57,49,47,52,56,59,63,68,70,76,80,83,86,87,88,88,89,91,93,95,95,96,97,97,98,99,100,100,101,117,112,106,126,139,134,115,138,144,144,148,150,149,152,150,149,151,151,148,146,143,140,132,128,125,123,124,124,125,125,125,125,125,127,128,134,152,173,192,193,184,170,145,122,115,115,113,111,112,113,116,119,123,127,128,131,129,127,129,137,110,106,103,98,95,93,93,93,92,89,89,91,92,103,118,115,104,101,126,178,201,199,201,204,205,203,205,204,201,200,202,206,204,205,207,208,210,209,208,205,207,203,202,207,207,208,209,211,215,171,118,111,111,107,103,141,186,196,200,209,207,209,207,208,

29,137,198,178,191,192,194,192,191,184,183,187,187,187,186,180,171,161,133,126,119,108,96,83,72,57,47,47,50,56,60,65,68,72,76,78,81,85,85,86,89,88,90,92,96,97,97,95,98,98,98,96,110,113,105,131,136,119,87,131,143,147,150,149,152,154,151,154,153,151,148,148,143,137,131,128,123,122,121,120,122,122,124,126,127,129,131,148,167,178,185,187,179,170,157,124,117,112,109,110,115,116,119,122,125,131,130,132,132,130,129,136,108,105,100,96,94,94,96,94,94,90,89,88,90,94,101,112,119,111,100,106,156,196,196,200,203,201,204,206,197,190,203,204,204,201,202,206,207,206,208,208,205,205,204,204,208,207,208,210,211,217,186,119,114,113,107,101,131,183,194,200,200,193,205,208,

31,135,198,185,189,188,193,192,193,186,170,185,187,186,186,186,181,179,150,129,123,115,112,103,94,80,68,55,46,45,50,55,59,62,66,70,74,79,80,83,84,87,87,90,92,94,96,93,96,95,96,93,101,116,110,133,125,100,87,127,143,147,149,150,154,154,153,155,153,150,148,145,140,135,131,125,120,118,116,117,118,124,135,136,135,135,144,160,166,174,178,175,169,162,156,132,119,114,105,108,111,115,120,123,125,129,132,133,134,132,131,138,110,103,101,101,96,96,97,96,95,94,91,91,88,88,91,91,105,121,112,103,98,131,182,196,199,203,203,203,202,185,172,203,202,201,201,205,206,207,208,207,204,207,206,204,207,210,207,208,208,211,213,191,133,105,110,111,103,122,174,194,197,180,200,207,

30,132,198,197,194,194,196,189,184,188,184,182,184,186,183,187,185,183,170,139,130,121,120,116,109,99,84,76,69,55,45,45,49,53,57,62,66,69,72,75,79,82,84,85,89,91,91,93,95,94,94,94,94,113,114,132,119,92,103,140,141,149,152,153,155,153,155,154,152,150,147,143,141,135,129,122,115,111,110,112,115,126,132,135,135,141,152,157,160,165,166,162,159,156,151,139,128,126,109,102,105,112,119,124,127,128,130,136,133,133,132,138,111,108,97,103,97,91,93,90,91,94,96,95,89,87,86,87,87,102,112,109,104,98,110,160,194,197,199,201,190,196,192,198,200,200,199,204,205,209,209,206,207,205,204,205,204,209,204,204,209,207,209,212,208,155,111,118,116,105,111,163,192,193,196,206,

28,127,196,196,193,197,192,196,190,191,188,182,182,186,189,185,189,182,178,164,132,125,121,117,113,108,103,92,85,75,66,53,43,44,49,53,60,62,66,70,73,75,78,80,85,86,88,88,90,91,90,93,91,101,120,131,113,92,117,141,140,149,153,154,152,153,154,153,149,147,142,140,138,134,124,114,105,103,107,111,110,115,111,103,111,129,140,144,154,161,159,157,155,152,144,139,135,133,119,96,96,104,117,124,128,129,125,132,130,132,132,137,106,108,97,99,97,95,95,91,93,94,97,97,97,93,87,85,89,88,94,105,114,110,100,103,139,185,196,196,199,200,205,198,191,196,195,202,206,209,209,207,206,206,204,204,205,207,206,207,210,208,209,209,208,216,173,117,113,114,105,106,151,180,191,203,

26,132,199,197,195,197,196,196,192,189,191,192,184,186,189,190,191,184,181,179,151,130,126,121,117,113,109,103,100,94,82,68,59,52,42,43,49,54,58,62,65,67,71,75,80,82,85,85,86,87,90,92,91,97,120,129,115,98,121,138,136,148,153,153,151,150,152,151,147,143,140,137,133,126,115,105,108,114,117,117,109,102,95,70,54,88,121,125,136,151,150,146,147,145,134,128,118,112,116,96,91,101,114,123,127,128,129,131,132,134,133,132,103,110,98,98,96,91,90,92,95,95,95,94,94,91,90,90,89,95,91,88,102,119,120,108,94,113,168,195,194,199,197,196,203,197,195,201,203,197,208,205,207,207,202,203,205,205,203,208,209,210,210,211,210,210,215,189,130,107,114,112,110,145,184,197,

28,135,201,197,195,194,196,190,195,194,195,192,189,179,180,190,190,187,183,182,174,141,127,125,121,119,115,111,102,101,97,89,75,71,63,52,43,43,49,54,57,62,66,66,70,74,75,78,82,87,88,90,89,94,120,130,122,111,120,136,138,146,151,151,148,147,150,150,144,141,138,133,128,119,112,117,123,122,122,123,119,105,94,84,70,56,79,112,121,130,131,130,132,129,119,95,76,89,107,101,93,99,112,122,127,128,128,131,133,135,133,130,105,110,97,96,94,94,94,95,94,93,93,92,93,94,94,92,89,87,87,87,91,96,111,120,106,99,104,148,189,200,198,200,201,196,196,199,202,199,206,206,204,205,201,203,203,202,206,207,209,209,208,210,210,210,207,212,205,146,112,115,120,105,127,178,

28,133,200,201,200,197,198,198,198,197,196,195,196,184,168,184,191,186,178,177,178,159,132,130,125,121,118,117,107,102,100,97,95,86,76,69,62,51,43,43,47,54,59,61,65,69,69,72,76,80,83,87,90,90,108,130,134,141,127,123,137,142,148,148,145,147,150,147,141,136,130,127,122,115,118,127,128,126,125,125,124,119,107,98,90,85,77,82,113,116,115,114,115,116,90,64,75,91,108,113,105,102,108,120,125,127,128,132,134,135,132,130,116,105,92,94,94,94,95,95,95,92,92,96,96,95,93,95,92,90,89,93,88,87,87,100,110,109,105,102,126,177,200,199,201,199,197,200,202,205,206,205,204,204,204,201,202,204,205,207,204,208,197,205,210,209,209,207,207,213,175,122,120,116,106,114,

28,132,204,202,201,201,202,201,199,200,196,194,194,195,190,189,191,187,181,179,180,178,154,130,129,123,117,117,115,109,103,98,97,98,94,85,75,67,61,51,42,43,48,52,57,60,64,69,70,74,77,79,85,88,100,124,125,144,137,122,133,140,143,144,146,150,151,147,141,137,130,126,119,119,125,129,129,130,128,127,126,124,120,114,110,108,105,98,106,110,108,106,105,95,82,85,90,103,112,118,120,112,109,116,123,126,129,130,132,133,133,131,117,97,93,90,94,96,95,95,95,92,91,96,97,96,95,94,94,92,89,89,88,85,87,84,87,103,115,107,98,110,159,195,199,200,195,199,204,204,206,205,206,204,200,201,203,194,197,206,198,200,208,208,207,205,208,208,206,205,214,188,125,111,117,118,

29,134,206,205,203,205,204,202,200,199,192,185,193,195,191,190,184,185,177,185,179,177,176,143,132,122,119,117,113,110,109,107,104,103,98,92,87,85,75,69,62,50,43,42,46,52,58,62,64,67,71,74,77,81,86,117,120,141,146,139,132,137,142,141,147,151,151,148,139,134,129,124,122,127,130,130,130,133,132,131,129,126,125,122,118,113,111,107,106,103,103,104,94,91,99,105,109,114,119,124,126,122,115,116,121,126,130,130,133,135,132,133,114,95,95,91,93,97,96,94,95,94,92,94,94,96,94,93,92,92,92,89,88,87,84,84,85,86,98,114,110,102,101,132,183,196,193,197,203,203,203,207,193,200,200,201,204,194,198,201,204,206,206,208,208,207,207,209,209,207,206,213,201,134,109,121,

29,132,205,205,206,205,203,204,199,198,198,197,197,196,192,188,186,187,184,185,186,180,178,167,137,133,129,123,117,115,103,104,106,102,98,88,82,92,88,84,77,71,62,53,41,42,45,51,57,61,66,69,71,79,83,109,138,141,140,130,128,136,142,138,141,149,149,146,137,131,129,125,124,131,133,131,132,134,133,133,132,129,127,126,119,112,107,104,99,96,99,97,95,103,109,114,117,122,125,128,130,128,121,118,121,124,127,129,133,134,130,128,103,92,99,96,96,96,91,92,96,94,95,98,95,91,94,92,90,91,92,92,92,89,86,84,86,86,83,89,107,114,106,100,113,163,192,194,202,204,202,203,205,201,199,198,202,202,199,201,203,206,206,208,208,206,203,209,208,207,206,207,213,203,142,110,

29,133,204,203,202,192,197,200,202,196,193,200,200,197,197,197,191,188,183,181,181,176,182,182,155,128,132,125,122,121,113,109,110,108,94,90,92,89,90,91,90,82,73,68,61,52,43,43,47,52,57,60,67,80,84,92,138,143,135,135,139,137,142,140,140,150,152,146,137,131,133,128,131,138,134,135,135,135,136,136,135,133,130,128,122,114,103,96,93,93,94,95,101,109,114,118,122,126,130,133,133,131,130,124,119,122,123,128,133,133,127,122,96,97,99,97,96,94,95,98,99,94,92,95,94,91,94,93,92,92,94,93,93,90,89,86,86,90,86,83,89,102,115,112,103,99,141,186,202,203,202,201,205,203,202,198,201,201,195,200,203,203,206,207,207,207,209,209,207,207,208,209,209,207,212,178,

29,135,202,203,204,203,203,197,199,194,190,198,199,200,199,197,194,192,190,182,182,184,183,181,177,143,134,131,128,125,118,114,112,110,102,96,102,95,88,85,90,87,86,80,72,65,60,51,42,41,46,51,61,74,82,77,122,147,142,145,143,130,142,140,139,148,150,149,141,135,137,131,137,140,137,136,138,137,138,138,137,134,135,134,133,123,108,94,88,88,93,101,106,112,117,123,126,130,132,135,134,132,134,128,123,122,120,129,134,133,130,118,95,99,94,91,92,95,96,96,88,90,93,90,91,94,93,94,95,96,97,94,93,92,90,86,89,92,92,90,86,87,99,119,116,105,100,120,175,201,201,201,203,204,202,197,196,199,199,201,201,203,205,206,207,207,208,197,207,207,207,208,208,209,210,210,

30,135,203,206,201,195,204,201,199,199,199,199,200,199,198,192,191,188,182,188,188,185,185,175,170,166,139,133,130,127,125,122,115,109,108,105,103,101,97,92,93,89,84,87,83,79,70,64,61,54,51,48,65,76,78,76,93,138,139,139,132,113,136,141,137,145,149,151,148,142,140,135,144,141,140,136,137,136,135,134,128,128,128,125,124,124,124,116,109,105,107,110,116,119,124,128,131,134,133,135,135,137,135,130,128,121,121,131,136,132,135,109,89,85,88,92,94,95,96,92,81,88,95,93,92,94,98,96,94,94,93,92,93,92,92,92,93,94,94,93,91,90,90,92,111,120,111,101,106,152,197,202,202,202,197,199,198,198,201,197,197,202,204,205,207,207,204,205,208,207,207,208,209,209,207,207,

27,135,204,203,200,197,203,201,200,201,199,199,200,201,198,195,190,188,184,190,184,186,184,186,182,178,156,135,134,125,127,123,120,116,112,109,107,102,101,99,97,93,85,92,89,87,86,78,70,68,82,64,67,73,77,78,77,109,131,129,117,96,131,143,137,143,149,151,156,153,144,140,143,142,139,135,133,133,130,118,105,108,109,116,119,116,109,107,112,112,112,109,111,115,121,126,133,135,134,133,132,140,138,136,132,127,125,132,136,133,131,92,81,74,77,92,95,97,95,97,99,100,96,93,91,95,96,95,95,95,94,95,95,92,93,94,95,93,90,92,92,90,89,92,92,102,116,116,108,101,129,182,202,200,195,197,199,201,200,199,198,201,203,205,207,206,201,203,207,207,208,206,208,210,210,209,

29,135,208,205,207,209,204,205,197,200,202,201,201,197,197,200,199,191,192,195,182,180,181,184,183,182,180,147,136,125,128,123,121,121,116,111,111,106,105,102,99,95,94,94,90,90,88,85,77,77,83,88,81,78,82,80,76,74,92,102,104,95,127,146,144,141,151,152,156,160,154,146,140,140,134,126,123,119,110,95,91,94,103,111,115,116,110,101,97,95,95,94,97,99,102,111,128,130,128,125,129,138,139,138,135,131,129,135,135,134,129,90,83,82,84,94,94,95,89,89,91,91,91,91,83,82,92,97,98,97,96,94,93,94,96,95,96,95,92,92,92,89,88,90,90,88,93,109,116,108,99,111,163,198,199,198,196,197,197,199,198,196,198,204,206,206,206,204,208,206,207,205,206,209,212,212,

30,135,207,210,207,210,206,203,200,190,201,200,201,198,198,199,200,199,195,197,196,192,188,186,185,183,182,167,133,132,131,130,124,122,120,114,114,111,110,107,103,100,97,95,89,92,92,88,83,86,87,91,96,91,88,82,78,69,61,61,93,107,125,146,152,143,147,152,157,164,164,157,143,135,125,113,101,92,80,71,78,88,90,97,99,95,94,91,87,86,88,90,89,85,89,94,99,103,105,115,129,134,138,138,138,134,131,134,133,131,120,88,87,89,92,93,86,83,77,75,77,76,75,76,78,76,90,92,91,82,80,85,91,95,93,94,95,97,98,95,94,91,91,90,89,89,90,88,100,110,111,103,99,140,188,197,195,194,195,193,197,197,199,201,202,201,205,204,208,207,208,210,204,208,211,213,

30,135,207,208,207,210,207,205,208,192,198,199,198,199,198,199,197,194,194,196,197,196,196,193,180,177,181,172,147,131,132,131,128,123,122,119,118,114,107,105,100,103,102,101,97,94,93,91,89,92,89,89,91,90,88,82,74,72,61,61,96,114,126,144,152,148,147,156,159,167,172,169,150,133,125,115,94,84,84,98,125,150,158,159,158,151,137,123,97,88,88,86,88,84,79,77,78,84,94,117,123,127,135,137,139,134,134,134,134,123,101,88,91,92,93,87,82,82,84,81,83,80,78,77,81,84,78,79,74,70,68,73,89,94,93,94,94,96,98,96,97,93,93,91,89,90,89,89,87,93,105,116,109,99,116,168,195,194,197,195,197,199,203,202,202,202,204,201,203,203,206,209,205,207,210,212,

30,138,209,209,208,207,207,208,206,205,205,191,194,196,199,200,197,194,195,195,192,195,198,198,191,184,185,179,176,144,135,132,131,126,120,119,120,118,105,108,102,105,107,103,101,98,96,92,92,95,93,92,91,89,87,84,78,70,64,59,96,128,132,142,149,152,149,158,159,162,169,170,159,139,131,129,132,130,127,140,147,158,160,161,172,182,182,181,156,148,143,132,129,131,132,134,129,92,80,97,107,120,130,134,136,134,133,133,134,109,91,90,93,92,91,88,87,87,84,82,84,81,84,84,86,88,81,74,72,72,71,83,94,94,93,92,89,90,93,92,92,93,92,92,93,89,89,90,89,92,88,99,114,113,101,102,149,193,199,196,196,199,200,204,205,203,202,199,200,203,205,207,209,207,209,212,

30,136,207,207,204,205,206,206,206,206,203,179,189,199,199,197,198,196,196,198,198,196,196,195,194,186,187,185,184,171,140,136,132,128,119,116,116,118,114,114,108,110,108,102,103,101,97,93,90,95,95,96,96,90,88,87,83,76,70,62,91,138,138,138,149,152,148,153,156,154,163,165,162,150,138,138,143,145,143,146,141,142,145,145,151,159,165,173,181,178,170,156,145,139,150,157,159,146,107,74,88,109,124,129,133,134,134,133,132,106,93,91,91,89,87,87,86,88,89,87,86,82,85,84,82,84,85,79,76,79,87,93,94,87,83,77,77,75,80,78,74,77,91,91,91,91,92,90,90,91,93,89,93,108,116,107,98,129,181,197,193,195,198,202,201,202,201,200,203,205,204,203,204,208,210,212,

30,135,209,211,206,206,206,205,204,205,200,190,194,200,197,196,202,199,199,199,200,200,197,195,195,193,191,190,187,184,163,137,128,117,115,119,117,117,117,113,113,112,110,105,106,103,101,99,99,98,100,96,96,93,86,84,80,77,71,62,84,143,141,135,147,158,150,147,154,154,156,159,159,159,154,156,160,164,158,149,147,146,145,144,143,149,152,150,148,147,144,141,136,135,133,136,144,141,141,127,113,115,120,126,132,134,133,132,129,103,92,89,92,92,89,90,90,86,89,93,89,84,84,82,81,85,85,81,83,87,92,90,82,74,75,77,77,80,77,73,71,78,81,77,82,93,92,87,90,91,93,92,90,90,100,113,113,103,109,155,193,193,194,202,199,198,199,199,204,204,206,205,204,207,207,210,

31,136,211,213,206,206,204,200,205,207,200,199,201,201,200,199,201,200,200,200,199,200,199,195,194,190,188,189,191,187,181,146,134,129,128,128,124,122,119,101,114,116,110,109,107,107,102,99,99,99,98,94,93,90,87,83,77,74,67,60,81,142,141,134,142,153,153,144,150,153,153,155,155,156,160,166,167,165,163,157,150,145,140,136,135,136,132,138,135,132,126,127,127,130,130,130,135,137,141,151,141,130,128,130,133,132,129,131,127,98,95,91,91,93,89,90,90,87,88,88,86,85,86,81,81,86,85,83,92,92,85,81,79,75,77,78,76,79,77,74,76,80,72,72,78,88,97,96,95,94,91,87,89,91,88,96,116,124,108,100,132,180,194,198,202,200,199,198,204,202,203,206,201,199,204,209,

31,135,206,208,203,209,205,197,205,202,204,204,200,200,201,199,202,200,201,202,199,199,200,197,196,196,191,190,190,187,186,175,142,136,134,131,127,125,121,115,118,116,115,113,112,108,104,102,101,102,102,96,93,91,90,87,84,79,72,63,77,141,142,132,135,145,152,145,146,154,153,153,153,155,161,164,167,164,164,163,154,147,137,129,122,117,113,114,114,112,112,111,111,114,118,120,128,133,142,152,157,151,143,139,135,129,127,131,122,95,90,88,91,92,92,91,89,91,92,91,90,88,88,86,87,86,86,90,95,90,83,81,84,83,80,78,77,78,77,76,80,83,77,73,78,92,98,101,95,93,93,90,89,90,91,96,96,109,121,107,98,112,162,190,193,198,198,197,200,202,194,201,201,197,203,207,

30,135,203,206,196,205,207,204,208,203,202,205,203,200,202,200,203,197,200,201,200,199,200,199,194,195,194,190,189,188,188,190,165,140,135,133,131,128,126,123,120,119,119,116,116,109,103,101,106,106,104,100,94,94,92,87,84,80,74,70,85,138,140,129,131,136,148,144,139,148,153,155,158,157,158,158,161,160,157,155,153,147,141,133,129,117,111,109,108,109,110,110,112,116,120,124,133,141,145,150,157,154,151,145,132,126,127,130,116,87,90,90,91,92,94,92,91,91,91,92,93,91,91,91,90,89,90,94,90,84,82,83,80,80,82,81,82,84,78,79,81,80,78,75,75,82,94,96,96,95,93,91,88,88,86,92,98,88,95,117,115,103,105,137,180,196,196,197,196,201,196,197,200,202,202,206,

29,137,210,207,208,207,206,204,209,203,203,200,204,202,199,201,203,199,202,204,199,198,201,200,193,185,187,192,190,188,186,185,179,146,132,135,132,132,130,128,123,117,115,117,116,113,110,98,105,109,107,105,101,97,96,92,91,89,83,82,117,140,143,119,125,128,139,144,140,142,149,154,158,156,154,157,162,162,156,148,150,148,142,135,129,123,116,112,111,111,110,113,115,119,126,129,137,143,146,152,151,151,150,142,132,125,126,128,108,92,93,92,92,94,94,93,92,92,92,94,95,93,93,93,92,93,93,91,86,85,83,83,85,83,82,83,83,82,80,81,81,81,82,77,75,79,94,98,98,97,93,93,92,88,87,88,88,89,89,88,104,114,111,104,117,169,189,193,199,198,197,201,200,201,203,206,

30,135,207,202,207,208,208,208,207,206,206,206,207,198,195,201,192,196,195,202,198,195,199,199,197,183,189,190,191,187,186,185,180,163,133,140,136,135,132,129,124,112,112,119,118,113,105,100,104,104,105,106,105,102,101,97,97,96,91,95,134,132,148,112,111,126,133,142,137,136,143,147,152,156,155,156,159,160,158,153,150,151,146,138,133,128,121,118,116,115,116,117,120,126,134,137,139,139,146,152,148,146,147,145,135,126,127,125,100,92,94,92,92,92,92,92,94,96,93,94,95,95,95,94,94,91,88,89,88,86,86,87,87,86,84,84,83,82,82,80,80,82,81,77,71,81,92,91,86,93,95,94,94,90,90,88,85,85,86,83,86,95,111,113,101,102,138,185,193,197,196,201,200,201,202,207,

30,136,207,209,207,205,207,204,204,207,204,205,205,202,204,202,195,200,201,204,198,200,201,203,199,194,197,194,186,190,187,185,180,172,152,142,140,137,134,132,126,118,119,123,122,113,104,103,108,106,107,109,105,100,99,98,99,98,91,104,145,134,148,117,89,118,126,136,135,130,138,146,152,161,161,157,156,157,155,159,157,153,150,148,145,138,133,126,121,121,125,127,134,141,144,144,142,143,146,147,147,144,142,142,133,123,124,118,93,91,90,91,92,95,92,92,94,95,95,95,95,96,95,93,95,94,92,90,91,90,91,92,90,88,85,86,86,87,87,85,86,83,83,79,76,78,77,72,71,75,85,88,91,95,96,89,86,85,87,86,88,87,87,102,113,105,98,120,168,193,194,196,200,199,198,204,

29,136,205,211,203,197,210,204,206,202,204,203,204,205,205,202,204,203,202,203,202,200,201,200,198,191,184,196,192,190,190,191,188,184,181,152,140,139,135,134,130,126,128,127,122,119,114,109,112,113,110,109,109,106,103,101,100,99,93,116,148,137,154,133,85,102,118,128,132,126,132,143,152,159,161,157,155,157,157,157,155,157,158,152,149,148,145,146,146,149,145,142,145,147,148,151,146,145,142,141,145,143,142,138,128,120,121,110,93,92,89,90,91,92,91,91,93,94,94,94,94,94,92,93,94,94,94,92,89,90,91,89,89,88,87,86,88,89,89,89,90,86,80,84,86,79,74,71,79,87,91,90,91,91,96,96,89,89,88,89,92,93,89,85,100,112,109,100,105,152,187,194,197,194,195,199,

30,134,201,207,206,205,200,203,208,208,206,206,207,205,204,206,204,204,205,206,204,202,201,200,202,193,191,193,190,191,191,192,188,184,185,170,144,140,136,133,126,130,130,128,126,121,114,109,115,114,113,108,105,108,107,104,102,99,98,123,147,138,153,149,108,79,111,117,126,123,125,135,147,154,161,158,154,153,152,155,159,162,165,168,165,164,165,165,161,164,163,162,163,160,157,154,151,152,144,141,144,145,143,135,123,117,120,99,89,91,91,88,90,92,92,93,92,95,95,92,94,93,95,95,93,94,92,91,94,93,92,89,89,90,91,85,90,91,88,83,83,84,81,81,80,76,73,71,74,79,82,83,86,86,88,91,93,91,90,92,91,95,92,92,91,88,100,111,105,105,132,177,194,195,195,192,

29,134,206,205,206,205,194,206,206,206,205,204,206,201,203,201,202,202,205,196,187,203,200,201,203,203,197,190,192,193,195,191,184,184,186,186,161,141,135,130,127,129,132,130,128,129,125,116,117,116,115,112,104,106,107,103,103,101,99,125,146,140,149,160,137,78,90,112,116,120,122,131,144,154,157,160,160,158,153,155,162,164,168,173,177,175,172,172,168,170,171,173,177,172,167,165,160,154,147,150,144,146,139,129,119,117,114,89,86,87,87,88,87,87,93,95,94,93,94,93,93,94,95,96,96,95,96,94,93,95,90,92,92,92,92,91,91,90,90,86,85,87,88,83,79,77,77,76,72,71,70,66,80,88,91,92,94,94,92,90,89,90,90,91,88,87,86,95,112,111,100,108,154,189,194,201,

31,133,205,206,202,205,206,203,204,207,204,204,205,203,203,200,202,202,203,193,188,201,202,201,202,201,198,193,195,197,196,194,182,180,181,184,182,153,140,137,129,129,133,131,128,126,125,125,123,120,118,114,107,106,109,108,109,106,102,124,145,140,133,157,158,113,66,100,111,117,120,126,137,151,155,156,157,155,159,158,161,163,166,166,172,175,171,170,168,169,171,172,175,173,174,165,156,152,150,148,148,146,135,123,115,118,102,84,84,83,82,86,85,87,88,91,92,93,93,92,93,93,95,95,95,94,94,93,93,96,92,90,91,93,91,93,91,89,89,87,87,84,82,81,81,80,81,80,81,79,78,73,74,88,91,92,95,93,91,93,93,96,95,90,89,85,86,86,91,107,113,106,98,130,178,196,

32,134,201,204,200,203,204,205,204,203,207,206,200,203,202,200,201,201,202,204,203,203,204,203,201,200,200,200,197,193,196,192,189,185,188,185,189,175,146,143,136,132,133,129,128,126,122,124,125,123,121,119,115,106,108,112,112,111,108,118,142,138,122,110,162,154,86,72,101,113,115,117,128,142,148,153,159,160,162,164,165,162,164,162,165,171,167,165,163,165,165,169,173,173,172,163,158,154,151,146,146,140,132,117,112,118,103,82,82,83,82,84,85,85,85,87,90,91,89,92,92,92,93,90,93,94,95,95,95,96,95,92,93,93,91,90,90,90,88,89,88,85,86,84,81,80,83,86,85,80,78,75,78,90,94,91,91,96,93,95,97,97,95,92,91,89,88,87,89,87,96,114,110,98,112,153,

29,135,192,190,201,204,205,207,199,202,207,206,203,203,203,203,204,201,201,203,202,204,203,204,201,202,198,195,198,196,197,193,193,193,194,188,188,187,163,142,141,137,135,130,127,125,125,122,125,124,124,123,121,115,114,114,113,113,111,111,137,139,124,94,129,168,143,70,79,102,108,109,115,129,141,152,154,159,162,162,162,160,160,160,162,164,164,156,157,163,168,167,166,164,162,157,154,149,150,147,146,134,124,113,109,121,104,79,83,80,81,81,81,85,86,88,89,90,90,89,91,91,93,88,89,89,88,93,93,95,94,93,94,91,91,88,90,86,85,89,85,86,85,83,85,85,83,83,87,82,79,74,79,91,95,94,93,97,93,90,90,94,95,95,95,93,92,89,87,87,84,90,104,114,105,101,

28,134,208,205,207,206,205,195,197,207,209,205,206,199,199,202,202,202,203,204,203,204,203,203,202,201,198,197,198,198,195,189,188,194,188,192,192,188,181,151,144,142,138,132,129,127,127,122,127,118,121,123,122,120,116,119,116,114,112,108,125,139,127,98,93,144,168,140,84,90,97,103,105,119,131,145,150,150,151,158,159,159,152,157,163,159,155,150,152,153,158,162,158,155,154,147,148,148,149,145,137,130,117,110,109,128,104,80,82,81,82,87,86,87,90,87,87,88,88,89,90,87,88,85,85,86,85,86,89,88,90,90,88,89,91,89,89,86,84,85,83,86,87,86,87,86,85,81,86,88,83,77,84,95,95,87,90,89,87,86,81,92,94,95,87,84,92,92,91,88,85,86,90,97,113,116,

27,130,205,209,208,207,202,204,204,206,209,203,204,196,196,203,202,206,207,205,201,202,204,202,201,204,201,198,197,197,193,189,186,188,186,194,194,190,191,178,148,143,141,138,136,131,129,130,130,129,127,124,121,120,123,122,120,117,105,103,114,132,126,100,91,95,133,148,145,140,114,93,97,107,116,129,142,148,146,151,157,158,154,155,156,157,152,147,143,149,150,151,151,149,145,145,141,142,146,138,131,119,109,105,115,134,104,81,84,83,85,84,85,86,86,85,85,85,86,87,87,87,86,84,83,80,82,83,83,80,81,83,81,88,89,87,83,83,81,81,81,87,91,86,86,86,82,81,85,81,79,81,89,96,91,90,90,78,80,89,91,89,89,91,89,90,93,91,92,91,88,89,90,87,90,106,

30,132,202,205,205,206,200,205,208,207,206,203,203,204,204,203,205,205,205,202,203,204,202,201,202,205,202,200,200,199,199,191,185,192,189,193,191,191,189,187,166,148,145,141,136,132,132,129,132,129,130,128,128,123,125,124,119,120,106,103,112,128,127,102,92,83,85,98,102,107,128,89,87,93,103,115,125,138,138,140,144,148,153,149,147,149,152,151,151,152,147,146,148,145,143,147,140,137,136,132,121,110,104,106,124,136,102,78,78,79,80,82,84,84,85,85,84,84,84,85,89,88,84,86,84,81,78,76,79,83,83,83,84,85,83,82,82,87,88,86,84,88,86,85,86,86,84,86,85,83,82,90,96,90,88,90,88,85,85,87,94,92,93,90,78,77,85,89,92,92,92,90,89,88,91,91,

29,135,205,205,205,206,210,209,210,207,205,204,204,203,201,204,203,205,203,206,206,205,202,203,201,204,202,200,199,199,196,190,186,195,196,191,186,192,187,184,183,155,145,143,140,133,135,135,134,130,133,130,130,127,125,125,122,120,118,111,110,125,127,106,95,85,81,83,97,95,105,115,80,81,90,98,112,123,132,137,138,144,147,141,139,143,147,150,153,147,143,142,142,138,137,138,131,130,126,119,109,102,100,112,126,134,95,75,74,74,77,78,80,82,84,84,84,85,85,84,82,79,77,77,76,77,75,74,79,84,88,87,86,89,85,85,88,90,90,91,90,90,89,90,88,87,83,82,84,83,89,96,94,83,85,90,90,87,87,88,88,86,85,82,76,75,82,92,92,91,93,94,93,91,90,90,

29,132,201,204,202,202,206,209,210,208,207,204,204,204,201,201,204,203,202,204,205,205,204,204,203,204,201,202,199,200,198,193,194,195,192,189,190,190,189,189,189,178,148,143,139,134,139,139,135,132,133,133,131,129,126,127,125,124,121,120,117,124,122,108,96,84,80,81,85,93,94,107,110,77,80,88,95,104,118,127,128,130,132,130,131,131,135,138,141,143,139,136,133,131,128,126,124,122,114,107,99,96,101,122,129,134,88,65,68,73,74,75,75,79,78,78,79,78,78,73,71,73,74,71,72,73,72,74,76,81,81,83,83,82,84,88,89,89,87,85,86,84,83,86,86,85,84,85,86,87,93,96,92,87,85,86,85,84,84,89,86,88,86,82,79,77,77,82,84,86,88,92,92,92,89,86,

31,135,204,207,207,207,208,209,210,202,204,203,204,202,199,203,203,202,203,204,204,203,204,201,205,204,199,199,201,201,199,196,196,196,196,187,193,192,188,190,190,189,166,144,142,139,136,139,135,128,134,134,132,130,127,128,125,124,123,123,120,123,120,112,99,87,78,79,83,87,87,94,107,113,75,74,82,87,101,111,118,123,117,120,119,118,122,124,126,129,127,125,123,121,117,113,116,111,102,95,92,95,110,123,129,134,83,59,63,66,65,68,71,73,73,76,76,72,68,67,66,71,71,71,74,74,75,75,76,76,80,79,78,80,80,85,86,86,84,82,83,87,86,87,88,87,85,83,86,89,96,99,100,94,95,91,86,85,86,87,86,84,83,90,89,79,79,83,86,89,92,92,93,91,89,91,

30,135,208,203,203,207,208,208,207,205,205,205,203,194,204,206,206,205,206,205,203,205,202,202,200,198,189,196,201,201,198,195,194,196,198,196,194,193,190,192,192,189,187,153,142,141,136,137,138,137,137,135,132,131,131,127,129,125,120,127,146,128,115,112,102,89,79,77,80,84,84,83,94,105,114,72,70,74,83,96,106,108,109,107,107,106,106,108,107,108,108,108,106,104,105,104,105,98,92,88,89,103,117,124,132,135,77,54,60,62,63,64,64,66,66,69,69,69,66,65,67,69,70,72,72,73,75,78,81,82,82,84,85,85,80,79,82,81,80,83,87,90,90,89,92,90,93,94,96,97,100,101,100,102,101,93,89,87,87,88,86,86,82,86,90,84,88,92,93,92,93,90,94,92,90,96,

30,134,205,204,204,207,205,207,202,204,204,205,205,202,201,204,206,205,203,205,204,203,203,204,204,201,199,198,199,200,198,196,197,194,196,196,193,191,190,190,193,193,189,178,149,143,140,138,138,137,139,136,134,133,130,122,129,129,129,139,152,160,154,131,105,89,80,78,79,81,82,80,80,92,105,116,71,60,67,76,89,97,100,102,100,97,94,97,96,97,95,95,94,94,94,93,91,87,86,86,95,110,118,126,131,136,69,42,47,53,59,60,62,64,65,68,68,69,70,73,76,73,70,71,72,73,77,80,79,78,81,81,80,75,74,74,79,81,83,85,87,86,87,87,85,86,91,97,96,99,103,101,101,100,101,92,88,86,86,90,88,82,86,83,86,87,87,90,92,92,89,90,93,93,92,96,

31,135,205,202,197,200,205,207,205,206,204,206,207,205,195,204,206,204,204,204,201,203,205,202,207,203,201,197,198,201,198,196,199,197,194,195,195,190,194,193,193,193,188,190,166,147,146,143,139,138,139,136,136,135,133,132,131,130,148,164,145,138,153,150,133,114,90,75,78,80,80,77,78,82,90,102,116,68,55,62,70,80,84,90,90,91,91,90,89,89,90,90,89,85,84,81,79,78,81,93,107,112,122,126,132,133,98,82,67,50,45,49,53,57,58,60,63,66,72,75,78,75,76,80,80,81,75,75,78,77,75,76,72,73,72,76,80,80,81,83,84,82,82,84,88,91,95,94,96,99,95,93,92,92,93,90,87,86,84,83,81,81,80,82,86,89,91,97,94,93,93,91,88,92,92,94,

30,135,204,202,206,201,199,200,207,207,205,204,205,206,198,200,204,205,206,207,205,204,204,204,204,202,201,202,203,200,198,200,195,200,198,198,196,187,196,193,195,194,189,190,177,160,148,145,141,140,139,135,136,136,135,134,131,131,147,157,156,145,140,145,132,124,118,102,83,74,73,78,79,78,81,87,98,109,67,54,59,64,71,78,80,82,83,83,83,82,83,83,80,77,75,74,78,78,91,105,108,115,125,130,134,130,90,83,95,98,80,48,40,48,52,56,57,60,62,66,67,71,71,74,78,80,80,81,78,73,72,73,74,80,79,77,77,84,86,84,81,82,83,83,81,81,82,84,83,92,93,86,87,91,92,92,89,85,86,82,82,80,75,85,95,97,98,101,99,94,93,90,88,87,91,105,

31,135,205,202,208,206,202,208,206,205,206,202,204,204,203,204,202,201,199,205,204,201,199,202,203,203,198,199,200,197,197,190,192,201,195,194,197,191,192,196,195,195,192,192,187,181,152,146,147,144,141,137,135,133,136,136,133,133,130,132,135,151,149,142,129,119,117,118,113,97,83,70,70,75,75,80,84,97,109,65,52,56,58,68,72,72,74,74,73,75,74,73,74,72,75,74,78,92,104,107,114,121,126,133,132,127,80,72,80,87,101,104,70,39,42,49,54,57,57,58,60,64,67,70,73,73,72,73,79,80,83,85,77,79,84,85,85,85,84,79,78,81,83,84,85,83,80,80,82,90,92,90,87,86,90,86,85,85,82,82,83,85,86,92,97,95,95,94,93,91,93,106,126,158,191,205,

30,135,207,206,206,207,205,210,209,206,204,206,204,202,203,198,204,200,200,201,202,203,199,197,203,202,197,199,203,195,198,192,195,197,190,188,192,200,196,197,194,195,193,192,186,187,168,145,145,142,140,140,138,134,134,136,135,146,138,127,118,130,141,149,145,122,114,113,111,111,110,104,85,73,71,71,75,79,94,109,60,52,54,58,62,67,71,73,73,72,71,72,70,70,71,79,92,101,108,112,117,124,131,133,133,124,71,66,74,81,90,102,115,95,48,38,41,47,52,57,58,60,65,67,67,68,70,74,76,78,78,84,89,86,87,89,89,87,86,83,79,80,83,84,84,82,81,83,85,88,91,84,85,82,85,82,78,81,90,92,94,97,96,91,89,86,89,90,89,101,130,198,220,220,220,219,

31,134,207,208,209,208,206,207,205,205,207,207,205,204,201,193,198,199,202,186,198,204,200,200,205,204,201,200,200,191,196,201,197,196,197,193,196,190,191,197,195,196,194,193,186,184,174,155,146,144,140,141,140,140,139,140,159,172,166,158,161,141,138,144,144,135,117,112,106,107,109,113,107,103,92,84,76,72,71,94,88,44,49,48,52,56,60,65,66,64,64,62,64,70,82,93,98,102,110,116,122,129,132,134,133,119,69,65,70,79,89,97,106,119,112,63,39,39,41,43,57,64,59,60,65,68,68,70,75,77,78,77,79,84,85,90,90,90,85,74,73,75,74,76,76,77,82,83,79,82,85,83,79,82,90,84,84,87,94,95,91,87,88,95,107,131,129,96,110,130,141,201,217,215,218,217,

31,135,207,210,210,208,205,205,203,204,205,206,201,203,202,197,197,204,204,196,201,197,200,203,200,199,192,200,200,198,197,196,198,198,198,194,196,191,196,199,197,196,194,191,187,182,177,171,150,146,143,140,141,139,139,158,160,157,165,164,169,161,153,146,140,145,129,119,117,106,101,100,106,110,106,109,107,113,126,137,143,109,92,79,73,67,64,58,54,59,65,70,78,86,94,99,104,110,114,119,127,131,132,133,132,114,65,63,67,78,89,97,106,112,124,124,78,45,58,91,106,114,98,76,62,62,66,66,73,75,74,73,77,78,80,84,86,85,86,77,73,75,79,79,79,78,78,77,77,82,76,84,91,91,92,91,91,86,84,96,117,148,180,163,169,146,99,155,169,130,138,187,220,216,219,223,

31,133,200,204,207,207,203,202,205,206,207,205,205,206,204,206,197,202,201,199,196,196,201,204,200,202,201,200,198,197,199,201,201,197,197,194,194,199,199,197,196,197,193,191,192,178,178,181,164,148,147,143,139,133,153,169,155,145,158,168,169,174,168,146,137,146,137,120,119,114,118,107,101,101,102,105,109,125,138,147,148,153,158,153,157,151,148,156,115,68,76,84,91,97,102,105,108,112,118,124,130,132,133,132,130,107,60,61,67,80,89,98,109,122,126,127,118,66,54,61,99,132,110,131,170,127,65,64,67,70,71,71,75,77,80,82,84,85,85,86,78,75,86,84,81,87,86,86,85,87,84,86,89,83,82,89,91,133,176,200,221,218,183,166,129,98,85,141,163,130,136,176,222,220,216,183,

30,133,204,206,205,206,206,204,208,207,206,206,204,202,205,200,193,201,196,194,197,196,201,201,201,199,199,200,202,197,199,202,201,198,193,189,193,200,198,197,196,198,195,194,190,191,187,186,184,161,148,148,142,150,174,174,162,151,147,163,156,158,157,142,139,146,145,122,113,123,121,114,119,121,107,104,111,125,126,130,131,124,120,124,118,127,139,139,174,124,78,86,94,101,105,107,110,117,122,126,129,131,132,131,127,101,55,61,67,80,89,103,130,145,144,135,125,85,70,59,51,64,95,167,181,161,105,103,69,65,69,72,72,71,76,77,76,79,83,83,84,84,90,91,87,92,93,86,83,85,81,84,100,132,142,145,171,213,223,222,208,174,161,118,120,202,127,90,131,130,135,165,224,207,151,124,

31,133,203,208,206,205,205,205,207,207,206,205,207,201,200,204,205,198,194,196,199,197,201,201,201,198,199,200,201,202,199,198,198,194,189,187,194,198,200,198,197,197,195,194,187,191,189,188,188,176,153,151,148,172,174,170,169,160,139,150,145,133,123,136,144,139,144,121,115,126,121,120,130,132,120,124,134,144,141,148,156,150,145,142,133,138,155,131,150,182,129,89,97,103,107,110,114,118,121,125,129,131,132,130,123,97,56,57,65,80,99,135,146,147,140,131,116,83,72,65,64,56,51,81,115,144,122,130,115,96,74,61,65,70,73,73,74,74,79,79,79,83,84,86,81,83,81,78,87,102,119,123,203,227,198,159,181,211,220,198,171,156,109,129,212,226,212,103,104,128,128,158,199,148,143,150,

29,135,203,207,203,204,206,204,203,202,208,208,206,206,204,204,200,197,204,200,199,200,201,200,200,201,204,190,198,201,199,199,200,197,192,189,195,197,199,197,197,196,190,156,187,190,185,176,160,152,153,156,157,170,171,169,166,163,142,147,161,152,150,162,150,130,129,127,126,128,125,126,141,147,138,139,129,131,134,147,149,142,128,131,150,154,152,144,129,168,160,103,100,105,108,113,116,118,123,127,130,132,131,128,119,96,56,57,63,89,128,145,144,143,137,117,90,79,77,70,67,66,66,59,54,61,98,116,130,142,170,101,77,65,65,69,70,70,73,75,75,77,75,74,79,96,116,147,162,158,162,135,205,220,204,151,152,213,195,164,138,107,160,197,214,220,228,191,100,135,150,167,168,166,170,170,

27,133,203,204,199,202,203,203,204,201,204,203,205,205,205,204,204,202,200,199,202,201,201,199,201,198,200,175,196,197,197,200,197,195,194,195,196,200,199,196,194,195,192,175,183,178,161,146,138,134,143,159,161,157,163,162,166,166,155,146,157,156,166,168,157,166,121,137,148,139,130,132,136,154,155,145,144,143,154,153,140,137,130,143,152,142,140,135,122,145,159,119,99,104,108,112,118,123,125,127,129,131,130,125,117,96,54,51,75,130,146,145,143,138,125,118,95,82,79,75,68,64,68,70,73,70,56,59,79,117,155,133,135,122,102,69,63,68,71,66,76,83,118,175,179,140,176,181,177,136,132,139,192,221,211,142,144,177,171,139,104,177,227,201,209,212,202,190,167,169,171,166,167,165,166,170,

27,134,204,207,204,204,201,196,204,205,205,199,203,206,201,204,205,206,203,201,201,202,200,200,200,197,200,204,199,198,197,201,198,194,195,194,194,198,189,181,177,173,168,172,177,164,147,133,129,137,150,165,169,152,146,150,156,167,162,145,148,147,160,160,160,153,143,156,151,140,126,117,125,143,146,146,155,165,159,143,129,131,147,161,150,140,137,133,120,129,150,130,99,107,112,116,119,122,124,126,129,130,128,120,113,94,49,78,121,111,79,69,119,150,141,150,142,92,88,80,73,65,65,71,72,74,74,69,60,60,93,111,130,156,146,125,126,98,81,153,192,156,174,229,212,130,171,180,175,127,112,129,167,221,216,156,162,165,128,111,188,213,197,186,176,171,168,165,164,165,168,168,168,168,167,170,

29,135,204,203,201,206,202,195,203,203,201,202,206,204,201,202,205,204,202,201,201,200,199,195,192,193,190,190,186,183,180,184,180,177,175,172,172,175,169,167,170,167,172,176,167,154,138,127,128,141,159,170,166,154,146,146,138,149,159,149,146,143,150,155,152,153,163,157,147,142,129,119,122,131,144,153,158,152,132,115,115,136,154,149,137,130,129,134,127,114,143,138,101,106,110,115,117,123,125,129,132,130,124,116,111,90,77,106,66,40,50,77,153,146,127,124,124,96,87,82,76,71,72,72,75,76,77,77,78,69,59,58,97,123,149,191,215,163,127,219,168,124,167,223,205,158,174,180,176,118,83,117,140,220,207,174,175,166,158,174,178,171,168,168,168,169,169,170,168,167,168,168,168,169,168,169,

31,134,195,198,199,202,200,201,203,203,201,202,200,202,202,203,200,198,199,193,189,186,182,179,178,178,172,171,171,169,170,177,170,167,171,173,174,171,168,169,173,179,185,170,155,145,133,123,130,149,162,167,168,164,131,136,147,132,144,151,146,143,145,143,150,165,153,149,146,142,137,133,141,151,160,161,156,137,110,107,128,153,148,139,126,121,121,130,136,114,137,141,106,106,112,116,119,124,128,131,131,128,119,116,111,94,106,65,42,34,40,111,158,138,125,118,117,95,85,82,79,71,75,77,77,78,82,81,81,75,71,71,67,64,91,177,188,146,127,190,143,121,162,216,183,178,172,178,175,145,141,119,157,199,178,173,172,171,171,169,169,171,170,169,169,169,169,169,168,170,169,169,168,169,167,169,

30,134,195,202,203,202,199,197,197,198,193,201,203,200,196,201,199,194,192,191,186,180,178,177,174,171,168,165,167,169,171,174,173,180,168,174,170,171,174,179,186,188,177,162,148,135,126,123,135,155,166,167,168,164,139,113,124,151,143,138,140,140,145,142,149,155,136,128,136,140,134,134,144,149,152,151,149,133,123,140,154,152,140,128,120,121,127,135,143,118,120,139,113,109,116,119,122,126,127,132,132,127,120,114,109,102,106,55,39,32,33,92,154,154,137,119,114,97,90,86,81,74,71,79,81,85,85,83,83,77,75,79,81,78,76,77,99,138,130,157,141,187,157,169,139,152,175,179,177,160,173,138,157,163,166,166,168,169,168,170,170,170,170,170,168,167,168,169,168,169,169,168,166,166,168,169,

30,132,201,203,201,201,201,200,200,196,200,200,201,197,197,198,197,194,196,192,181,168,161,162,167,168,165,160,161,161,166,168,170,169,165,165,168,175,183,186,192,184,169,156,140,126,117,123,144,155,164,168,167,159,143,138,122,116,145,132,126,137,144,146,148,144,131,118,128,136,129,134,135,119,122,139,137,124,134,157,157,143,137,128,126,131,141,146,142,126,112,132,123,111,117,119,124,127,130,131,129,124,118,117,126,136,146,84,36,33,36,98,135,145,126,108,106,101,93,88,82,74,71,78,83,87,85,87,87,84,82,81,83,85,88,90,88,116,117,124,170,203,136,142,130,160,177,171,159,140,157,137,161,167,169,168,168,168,167,168,168,168,168,168,168,170,169,166,167,167,168,168,168,168,168,172,

30,131,201,203,199,192,199,199,199,200,199,193,193,198,200,198,194,198,194,182,170,154,153,154,157,161,168,167,159,159,163,162,166,170,176,186,174,181,187,189,184,174,162,145,126,112,110,126,149,160,164,167,167,166,147,134,149,126,106,133,128,125,138,139,141,141,131,134,131,127,127,136,133,121,118,144,125,120,135,146,157,134,130,129,134,139,148,148,143,134,122,137,128,116,120,122,124,127,130,129,127,123,125,130,115,103,106,73,36,34,38,82,134,140,121,106,105,104,94,88,84,82,71,73,85,89,88,90,92,87,84,84,90,87,91,92,94,97,96,129,172,173,140,154,148,174,172,171,168,158,163,138,161,167,167,165,166,166,165,166,166,167,167,166,166,182,181,166,168,169,168,168,166,161,154,149,

30,134,201,200,197,189,199,200,197,192,186,188,199,198,197,193,192,207,194,180,163,144,150,154,156,156,158,167,163,160,162,161,167,167,172,178,184,189,189,185,177,169,160,134,115,106,113,133,152,161,164,169,168,166,152,132,148,150,136,96,104,119,130,129,125,132,157,128,125,119,129,130,126,128,117,123,112,119,135,127,131,128,112,120,133,137,135,133,137,134,125,140,134,121,122,124,127,129,131,130,125,128,128,97,68,53,63,64,41,35,35,58,124,145,131,111,109,107,96,91,87,92,74,71,87,94,95,96,94,90,83,84,98,94,95,95,96,101,97,154,171,133,137,125,132,164,174,172,169,159,164,140,159,164,164,166,164,164,165,166,167,166,167,167,166,178,181,165,159,150,134,121,111,96,86,84,

30,133,198,201,201,201,195,192,191,191,190,198,197,196,195,192,195,194,183,174,161,144,150,161,157,153,155,164,167,161,168,161,164,176,177,180,187,188,185,181,174,162,148,118,107,107,125,142,157,160,163,168,170,169,154,129,147,156,155,149,115,99,109,125,140,137,145,131,116,112,117,118,114,126,123,122,111,133,136,121,128,120,118,140,135,132,131,128,130,126,120,146,140,122,123,125,127,129,130,127,127,130,90,62,64,59,65,65,44,34,29,46,103,134,142,115,111,107,97,92,82,88,73,71,85,98,93,91,94,93,91,91,99,98,100,98,95,101,106,158,196,139,121,136,195,185,171,173,170,155,163,139,157,162,163,164,164,165,165,166,167,168,162,153,152,171,151,109,94,85,94,96,99,105,115,127,

30,132,197,198,195,192,185,182,182,181,187,193,195,199,196,191,191,190,180,176,160,147,148,156,157,163,163,167,171,161,157,161,164,171,177,183,186,186,182,176,169,152,130,110,104,116,138,147,159,162,163,168,171,168,155,129,145,157,147,159,158,145,95,103,118,114,116,120,122,129,123,107,101,107,111,105,114,124,118,114,115,110,122,117,119,123,125,122,119,115,105,132,136,124,120,122,127,128,128,126,136,112,68,61,61,52,52,48,36,29,28,45,78,136,146,131,120,111,108,106,95,99,83,74,88,94,89,86,100,95,94,96,100,99,102,100,98,105,105,150,168,132,128,182,229,183,171,172,169,161,163,140,155,162,165,164,163,160,152,142,128,114,99,84,119,164,138,87,87,125,113,115,131,169,208,181,

27,132,194,191,185,183,183,179,180,185,187,190,193,193,195,197,190,187,183,195,180,147,145,155,160,162,156,161,168,167,153,156,162,172,176,180,186,183,179,174,164,148,118,105,106,130,144,150,157,163,165,165,165,168,155,130,142,164,150,153,164,158,128,112,143,158,155,149,127,103,95,107,119,114,113,114,125,120,112,115,105,106,109,102,93,97,97,90,86,106,130,128,121,123,120,124,127,127,129,133,119,90,72,56,49,49,51,47,36,29,27,49,87,135,146,135,114,112,113,110,109,129,139,131,121,108,91,88,102,97,95,99,103,103,102,100,101,107,100,109,117,119,131,181,214,176,170,172,169,158,163,142,148,150,140,125,109,94,83,76,74,83,101,112,145,160,155,119,135,230,152,125,142,154,146,139,

30,134,194,187,184,182,180,179,180,178,185,192,189,194,194,193,189,186,180,184,187,146,140,153,160,162,151,155,168,171,157,154,163,170,177,182,185,182,176,165,156,146,108,103,115,141,144,150,155,157,163,163,163,166,159,137,138,164,153,148,162,164,158,136,114,149,164,174,171,159,141,111,93,93,101,118,122,129,130,127,122,119,121,120,107,113,111,107,100,118,129,112,102,122,121,124,129,128,130,133,95,81,66,57,53,53,56,51,43,33,30,47,99,145,168,124,91,99,109,119,132,131,124,127,140,147,144,124,109,92,99,102,105,105,105,104,101,109,96,98,127,124,132,144,191,178,172,174,167,113,115,117,100,83,79,76,77,85,97,91,65,108,196,219,186,146,133,144,177,231,164,124,140,139,98,104,

28,133,194,188,187,187,183,183,180,179,186,187,191,192,194,195,194,184,180,178,167,145,139,155,161,161,147,148,161,168,162,152,157,167,176,183,182,178,173,163,149,120,102,106,131,147,147,153,155,157,161,162,165,163,160,144,139,167,158,147,160,167,165,163,125,118,153,167,172,168,165,153,133,122,99,92,88,86,81,83,87,92,91,94,99,83,79,78,76,78,76,82,117,126,123,123,128,131,135,111,88,75,67,64,60,60,61,55,49,37,33,47,101,146,169,116,80,90,100,121,140,147,145,127,104,102,122,147,154,131,107,102,105,106,110,107,107,109,100,129,132,107,132,159,208,162,170,166,146,92,65,93,90,77,93,108,118,136,149,136,64,103,157,171,158,152,116,135,195,218,173,122,135,143,180,207,

30,133,194,195,191,192,188,182,178,188,188,190,191,192,192,192,185,187,209,190,163,147,134,148,155,155,141,134,138,179,177,151,159,168,174,182,181,178,166,155,135,109,104,116,143,149,150,148,153,159,162,161,166,166,162,150,157,166,163,147,157,166,165,168,151,112,130,163,167,168,170,165,154,148,127,110,106,106,108,101,92,95,95,99,112,106,102,96,90,83,86,66,107,132,129,126,129,133,126,97,84,73,78,76,72,67,66,67,58,44,37,49,96,137,164,133,87,88,100,128,135,137,143,151,148,121,82,83,122,151,156,134,122,119,109,109,108,110,105,178,146,110,138,176,167,112,164,167,164,138,80,89,82,74,99,122,129,137,146,140,89,111,159,150,120,140,134,139,203,220,190,121,132,146,200,234,

31,132,195,202,190,185,182,183,183,186,186,187,184,189,191,192,194,186,179,175,163,147,135,144,155,154,147,128,117,153,171,156,148,160,172,177,176,169,160,149,125,101,105,130,147,145,149,147,149,157,165,168,169,167,163,172,161,162,165,151,156,166,166,167,166,138,110,144,161,165,170,170,164,160,150,132,119,115,120,120,107,95,89,86,87,90,93,93,87,78,75,81,70,124,139,126,137,141,122,106,90,91,106,104,83,73,76,104,85,50,44,58,103,133,155,149,128,105,120,133,135,138,138,142,145,156,153,107,63,90,138,158,162,157,146,131,120,116,99,160,144,109,134,134,120,138,178,165,168,168,130,93,89,56,73,101,127,133,138,138,110,123,156,160,132,102,140,146,194,220,204,122,127,146,188,230,

29,132,191,186,191,186,181,182,185,187,183,186,185,186,189,192,192,183,174,174,165,150,137,138,151,152,143,125,116,140,164,161,150,155,167,172,169,163,156,141,111,103,112,140,147,144,147,145,146,156,163,166,165,164,163,174,149,154,170,154,154,163,168,165,165,161,124,115,153,159,169,169,167,169,158,147,144,129,117,121,129,122,107,98,90,83,81,79,78,80,77,78,83,90,147,137,162,143,122,116,121,124,125,120,107,83,81,110,106,58,54,91,97,101,100,119,141,138,138,142,141,142,141,142,141,148,172,164,142,75,72,127,158,168,164,163,163,156,141,150,133,106,126,192,127,130,165,167,169,170,162,123,93,62,59,66,94,124,134,138,141,148,152,157,155,104,119,140,143,165,199,125,124,141,176,227,

29,135,189,190,187,185,183,180,179,181,195,192,185,187,190,193,189,181,177,172,167,150,135,138,152,153,149,134,128,144,161,164,158,155,157,161,160,157,152,129,104,106,123,147,149,146,149,149,152,158,160,165,170,169,166,176,144,154,174,156,151,168,170,168,168,165,151,110,131,155,164,171,168,167,165,156,149,143,131,118,124,131,133,125,110,96,95,91,90,90,91,87,100,109,143,152,172,140,128,123,132,134,129,124,121,105,82,107,112,69,102,144,139,112,86,98,124,148,162,152,150,149,148,147,149,142,137,145,159,166,102,69,122,155,166,165,167,167,171,166,159,147,141,162,130,133,155,167,168,170,167,150,122,101,105,67,63,74,100,127,149,152,148,153,155,139,135,151,146,144,138,125,118,135,165,221,

30,134,193,188,185,184,184,184,186,182,192,185,183,190,192,191,196,185,175,176,169,150,135,137,151,157,154,149,137,144,164,163,157,155,153,153,152,151,152,111,100,106,131,149,149,145,145,147,150,156,162,167,168,166,174,175,137,150,174,160,153,167,169,167,170,169,164,135,111,142,156,167,170,171,171,164,159,158,147,136,127,130,136,139,138,129,115,107,106,105,103,98,111,140,164,182,166,141,132,124,132,133,136,135,133,125,109,121,117,84,130,153,158,136,105,98,116,138,167,144,136,149,156,155,155,156,151,142,141,152,167,124,74,123,158,169,164,166,170,170,172,171,175,155,154,139,155,168,167,172,165,156,166,137,154,109,85,67,61,79,144,154,143,149,148,143,132,150,147,150,146,130,113,121,145,160,

29,135,192,185,185,188,180,180,181,181,179,179,181,185,187,191,204,183,181,181,169,155,134,134,146,156,157,154,141,145,166,168,158,156,155,148,143,136,126,107,102,109,140,151,148,145,143,144,147,153,159,168,168,164,175,171,130,148,178,161,157,166,169,170,169,167,166,158,120,121,148,161,170,170,170,167,164,163,160,152,143,135,135,138,140,142,141,139,138,133,125,121,130,155,166,193,154,136,132,127,132,150,172,156,161,167,150,134,115,111,142,170,158,124,111,110,119,128,144,157,142,136,136,151,160,160,160,155,146,144,153,165,137,87,126,159,167,164,168,171,171,172,172,179,175,163,165,170,166,171,167,154,146,124,171,211,180,114,119,77,141,157,112,130,143,142,126,138,143,149,149,130,86,104,124,133,

31,134,185,183,188,185,184,182,189,185,185,190,182,185,187,190,187,184,183,178,171,157,136,131,142,149,149,150,153,156,165,163,159,154,155,152,146,133,121,104,105,117,146,151,151,146,142,142,147,153,157,166,167,169,178,173,120,147,177,166,155,163,169,172,170,168,168,166,147,111,131,154,165,169,170,168,169,170,168,160,156,149,145,142,140,143,146,146,146,149,153,146,137,152,152,160,162,131,125,123,140,191,182,190,211,237,225,146,114,142,178,146,118,127,110,115,129,124,135,153,157,152,151,145,144,161,164,159,157,147,150,154,164,144,98,131,158,168,168,169,170,172,174,174,172,173,175,170,166,170,167,150,147,149,202,235,188,128,225,178,149,163,95,77,100,125,128,125,138,141,147,135,92,104,126,138,

30,132,187,186,184,182,180,179,195,193,189,194,184,182,185,182,181,183,181,173,170,163,137,129,145,147,145,146,173,153,162,158,166,148,146,145,141,133,109,101,107,123,149,153,149,146,141,143,145,159,161,163,163,174,174,168,113,145,180,168,154,161,168,172,171,178,168,164,161,124,116,147,156,169,168,168,169,173,171,162,159,156,153,148,143,145,145,148,150,151,155,149,138,147,148,157,194,133,119,125,128,139,209,225,233,231,236,182,125,173,149,98,125,123,111,121,139,129,129,145,160,155,153,159,150,135,164,161,161,155,148,153,156,170,137,100,143,163,170,167,167,171,175,172,173,170,168,172,167,162,164,153,140,156,188,233,172,123,162,124,139,167,103,72,66,74,105,115,136,139,142,140,94,102,115,72,

